Sweep	Chain_l	Chain_r
1	1	2
2	1	2
3	1	2
4	1	2
5	1	2
6	2	1
8	1	2
9	2	3
10	2	3
13	2	1
14	2	1
15	3	2
17	3	2
20	3	2
23	1	2
24	1	2
25	2	1
26	3	2
27	3	2
31	2	1
34	1	2
35	2	1
39	1	2
40	2	1
44	1	2
46	2	3
47	1	2
48	1	2
50	1	2
51	2	1
53	2	1
56	2	1
64	3	2
67	1	2
68	2	3
69	2	1
70	1	2
73	1	3
74	1	3
75	1	3
76	3	1
78	3	2
79	3	2
80	1	3
81	3	1
82	3	1
83	1	2
84	2	1
85	3	2
87	2	3
88	1	2
89	1	3
93	1	2
94	2	1
95	2	1
97	2	3
99	3	2
103	2	1
106	1	2
110	2	3
112	3	2
113	1	2
114	1	2
117	1	2
118	2	1
119	3	2
122	3	2
125	1	2
126	1	2
127	1	2
128	2	1
129	2	1
130	3	1
131	2	3
132	2	1
134	1	2
135	3	1
136	3	1
137	1	3
139	2	1
140	1	2
143	3	2
145	2	1
146	3	2
149	1	3
151	3	1
154	1	3
155	3	1
156	2	1
157	3	1
158	3	1
160	3	1
161	2	3
162	2	1
164	1	2
167	1	3
169	1	2
173	2	3
175	1	2
177	3	2
178	2	3
180	3	2
181	3	2
182	1	2
183	2	1
187	1	2
189	2	3
190	3	1
191	1	3
192	2	3
193	1	2
194	2	3
195	1	3
196	2	1
197	3	2
198	1	2
199	3	2
200	2	3
202	2	3
206	1	2
213	2	3
214	2	3
215	3	2
217	1	3
218	3	2
219	2	1
221	2	3
224	2	1
225	1	2
227	3	2
228	2	1
230	1	2
231	3	2
232	1	2
233	1	3
235	3	2
237	2	3
238	3	2
243	3	1
247	3	2
252	2	1
253	1	2
255	1	2
259	2	3
261	2	3
262	1	2
265	3	2
268	2	1
269	2	1
270	3	2
282	2	3
285	2	3
286	3	2
287	2	3
288	2	3
289	2	1
292	2	3
294	3	1
295	1	2
296	2	1
297	2	3
298	3	2
300	3	1
302	1	3
303	2	1
307	2	1
308	2	1
309	3	2
312	3	2
313	2	3
314	3	2
315	3	2
316	3	2
322	1	3
326	3	2
327	1	2
333	2	1
336	2	1
337	2	1
339	3	2
340	3	2
343	3	2
344	1	2
345	2	3
346	2	1
347	2	1
348	3	2
350	3	1
351	2	1
353	1	2
354	1	2
359	1	2
360	2	3
361	2	3
362	3	2
364	1	2
365	2	1
366	1	3
367	3	2
368	3	1
369	2	1
370	3	1
371	2	1
375	3	2
376	3	2
377	3	2
378	3	2
379	2	1
380	1	3
382	2	3
383	2	3
385	2	3
386	2	3
388	2	3
390	2	3
391	3	2
394	1	3
395	2	1
401	3	2
402	3	2
403	2	3
404	3	2
406	2	1
409	1	2
410	3	2
419	2	1
423	2	3
424	2	3
425	3	1
426	3	1
427	2	1
433	2	1
435	1	2
437	1	2
439	1	2
441	1	2
443	2	3
445	2	1
446	1	2
448	2	3
452	1	2
454	3	2
455	2	3
457	3	2
458	1	2
460	1	2
461	2	1
462	3	2
466	3	2
467	2	3
468	2	1
470	2	3
472	1	2
473	3	2
474	1	2
477	2	1
480	1	2
481	2	1
482	1	2
483	2	1
486	3	2
488	2	3
489	3	1
493	2	3
494	3	2
495	2	3
497	2	1
498	2	1
502	1	2
504	2	1
505	3	1
506	2	1
507	1	2
509	1	2
510	3	1
512	1	2
513	3	2
517	2	1
518	1	2
523	3	2
526	1	2
527	1	2
528	3	2
529	2	3
530	3	2
531	3	1
532	3	1
533	3	2
534	1	2
535	3	2
540	1	2
541	1	2
542	2	3
543	3	2
544	2	1
545	3	2
546	3	2
548	2	1
550	1	2
551	2	1
552	1	2
553	1	2
554	1	2
564	2	3
565	2	3
566	2	3
571	2	3
573	3	1
574	1	3
575	2	3
576	3	1
577	2	3
578	2	3
579	2	3
580	2	3
582	2	3
583	2	3
584	2	1
585	1	3
586	1	2
587	1	2
588	1	2
590	2	3
592	3	2
593	2	3
594	2	3
597	1	2
598	1	2
599	1	2
602	1	2
606	1	2
607	2	1
608	1	2
609	3	2
610	2	1
611	2	1
612	3	2
614	3	2
615	3	2
616	3	2
617	1	2
618	1	2
619	2	1
620	1	2
622	1	2
623	1	2
624	1	2
625	1	2
628	3	2
630	2	3
632	3	2
635	3	2
636	2	1
637	3	2
639	1	3
640	2	3
643	1	2
644	3	2
646	3	2
647	1	2
649	2	3
651	2	1
655	3	2
656	1	2
658	2	1
659	1	2
660	1	2
661	1	2
662	1	2
664	1	2
665	1	2
667	1	2
669	1	3
670	2	3
671	2	1
674	3	2
675	3	2
677	3	2
678	2	1
682	2	3
683	3	2
687	2	1
688	2	1
690	1	2
691	1	2
692	1	2
693	1	2
694	2	1
695	3	1
696	2	1
700	2	1
701	2	1
702	2	3
703	3	2
707	1	2
709	3	2
711	2	3
713	1	3
714	2	1
716	3	1
719	2	3
720	3	2
722	1	3
723	3	2
725	1	2
729	2	1
730	1	2
731	2	1
732	3	2
733	3	2
736	1	2
737	2	1
738	1	2
740	2	1
741	2	1
742	1	2
743	1	3
745	2	3
746	2	1
747	2	3
749	3	2
753	3	2
754	2	3
756	3	2
760	2	1
761	2	1
764	2	1
767	3	2
768	2	3
769	3	2
773	2	1
774	1	2
777	1	2
778	2	1
781	1	2
783	2	1
784	2	3
785	2	1
786	2	1
787	1	2
788	2	1
797	2	1
798	3	2
799	2	1
802	1	2
803	1	2
805	2	1
810	3	2
811	2	3
812	2	3
813	2	3
814	1	3
815	3	2
816	1	2
817	3	2
819	2	3
821	3	2
822	3	2
824	3	2
825	2	3
827	3	2
835	2	3
836	3	2
838	3	2
839	3	2
846	2	3
847	1	2
848	2	1
849	3	2
851	3	2
852	2	1
853	2	1
854	1	3
855	3	2
856	3	2
857	2	3
858	3	2
861	1	2
862	1	3
865	3	2
866	3	2
867	2	3
868	2	3
870	3	2
872	3	2
873	3	2
877	3	2
880	1	2
881	2	1
884	2	3
885	3	2
888	3	1
889	1	2
890	1	3
895	1	2
896	1	3
899	2	3
900	2	3
901	3	2
902	2	3
906	3	2
908	2	3
909	2	3
913	3	2
914	1	2
915	3	2
916	3	2
920	2	1
921	2	3
927	2	3
932	2	1
933	1	2
937	2	1
938	3	2
940	3	1
941	2	3
943	3	2
945	3	2
946	2	3
955	2	1
956	2	1
961	1	2
962	3	2
964	2	3
965	2	1
966	1	2
967	2	3
968	3	2
970	1	2
971	1	2
972	3	2
976	2	3
977	1	2
978	2	1
980	3	2
981	1	3
982	1	2
984	3	2
986	2	3
988	2	3
989	3	1
990	1	3
997	1	2
998	3	2
1000	2	3
1005	3	2
1006	1	2
1014	2	1
1015	1	2
1018	2	3
1019	2	3
1020	1	2
1021	2	1
1022	1	2
1023	2	1
1024	2	1
1026	2	3
1027	3	2
1031	2	1
1035	2	1
1038	2	1
1039	2	1
1042	2	3
1044	3	2
1045	2	1
1046	3	2
1047	1	2
1048	3	2
1051	3	1
1052	2	1
1053	1	3
1054	1	2
1055	2	3
1057	3	2
1064	1	2
1066	2	1
1069	1	2
1070	3	1
1071	3	1
1072	1	2
1075	1	2
1076	2	1
1077	3	1
1081	2	1
1082	1	2
1083	2	3
1084	2	3
1085	3	2
1087	3	2
1088	3	1
1089	2	1
1090	3	1
1091	3	1
1092	2	3
1095	1	2
1096	2	1
1097	2	3
1099	2	1
1100	1	2
1101	3	2
1102	1	2
1103	1	3
1104	1	3
1105	2	3
1106	2	3
1108	3	2
1109	3	2
1111	3	2
1113	3	1
1114	3	2
1116	1	2
1118	2	1
1119	2	1
1120	1	2
1126	2	1
1127	1	2
1130	2	1
1131	1	2
1134	3	1
1135	3	2
1136	2	3
1138	3	2
1139	3	2
1141	3	2
1143	3	2
1144	2	3
1148	3	2
1149	2	3
1150	2	3
1152	2	3
1156	3	2
1158	3	1
1160	3	2
1161	3	2
1162	2	3
1163	2	1
1164	2	1
1170	1	2
1172	1	2
1176	3	2
1177	2	3
1178	2	3
1179	1	2
1181	3	2
1183	2	1
1186	2	1
1187	3	2
1189	1	2
1190	3	2
1191	1	3
1192	2	3
1194	1	2
1197	2	1
1198	1	2
1199	1	3
1200	1	2
1201	1	2
1202	2	1
1203	2	1
1212	1	2
1214	2	3
1217	1	2
1219	2	1
1220	2	3
1221	3	2
1222	3	2
1227	2	1
1229	1	2
1230	2	1
1233	1	2
1234	1	2
1237	2	1
1238	2	1
1240	3	1
1241	2	1
1243	3	2
1244	1	2
1245	1	2
1246	2	1
1251	1	2
1252	2	1
1255	1	2
1256	3	2
1257	3	1
1259	3	2
1262	2	3
1264	2	1
1267	2	3
1270	2	1
1273	3	2
1274	2	3
1275	3	2
1276	3	2
1277	1	2
1278	1	2
1280	3	1
1281	2	1
1282	2	1
1283	1	2
1284	2	3
1286	3	2
1287	2	3
1290	1	2
1291	3	2
1293	1	2
1296	2	3
1297	2	3
1299	1	3
1300	1	2
1301	2	1
1302	1	2
1303	2	1
1304	2	1
1305	2	3
1307	3	2
1309	3	2
1310	2	3
1312	1	2
1317	1	2
1319	2	1
1320	2	1
1321	2	3
1322	1	2
1323	1	2
1324	2	3
1326	2	1
1327	2	1
1329	1	2
1330	1	2
1331	3	2
1332	3	2
1336	1	2
1339	2	3
1341	1	3
1342	3	1
1343	2	3
1344	1	2
1346	2	1
1349	2	3
1351	3	1
1353	2	3
1355	2	3
1360	3	2
1362	1	2
1363	2	3
1364	2	3
1365	1	2
1366	2	1
1367	2	1
1371	1	2
1373	1	2
1374	2	1
1380	2	3
1381	3	2
1385	1	2
1386	2	3
1388	3	1
1389	1	2
1390	3	1
1395	3	2
1396	3	2
1401	2	3
1403	1	3
1404	2	1
1405	2	3
1411	2	1
1413	1	2
1414	2	1
1418	1	2
1420	1	2
1421	2	1
1425	3	2
1426	3	2
1428	1	2
1430	2	1
1431	2	1
1432	3	2
1433	3	2
1437	3	2
1439	1	2
1440	2	1
1443	3	2
1444	3	2
1446	2	1
1447	1	2
1449	2	1
1450	3	2
1455	3	2
1456	3	2
1460	1	3
1461	1	2
1462	1	2
1464	2	1
1467	1	2
1468	1	2
1469	1	2
1470	1	3
1472	2	1
1473	2	1
1474	3	2
1476	1	3
1478	1	2
1479	2	3
1480	3	1
1481	1	2
1482	3	2
1486	3	2
1487	3	1
1488	2	3
1489	2	1
1494	2	1
1495	1	2
1496	2	1
1498	1	2
1499	2	3
1503	3	2
1504	2	3
1507	2	3
1508	2	3
1509	2	3
1512	1	2
1513	2	1
1515	1	2
1516	2	1
1517	2	1
1519	1	2
1520	1	2
1523	2	3
1525	2	3
1526	3	2
1528	3	2
1533	2	1
1536	2	1
1537	1	2
1538	2	1
1539	1	2
1541	2	1
1547	2	1
1548	2	3
1550	2	3
1553	2	3
1554	2	3
1555	2	3
1556	3	2
1561	3	2
1562	2	3
1565	2	3
1567	3	2
1569	1	2
1571	1	2
1572	2	1
1574	2	3
1576	2	3
1578	2	3
1579	3	2
1582	2	3
1583	2	1
1587	1	2
1588	1	2
1591	2	1
1592	3	2
1594	2	3
1595	2	3
1597	2	1
1598	1	2
1599	1	2
1603	2	1
1607	2	1
1609	3	2
1610	3	2
1611	2	1
1614	3	2
1616	3	2
1617	1	2
1618	1	3
1622	2	1
1628	2	1
1633	2	1
1635	1	2
1636	2	1
1638	2	1
1639	1	2
1640	1	2
1642	2	1
1645	3	2
1646	3	1
1656	1	2
1663	2	1
1665	2	3
1672	2	1
1680	3	2
1684	1	2
1686	1	2
1694	1	2
1695	3	2
1696	3	2
1697	3	2
1701	1	3
1703	2	3
1704	2	3
1714	3	2
1718	2	1
1721	1	2
1727	2	3
1728	2	3
1729	2	3
1733	3	2
1735	2	1
1737	2	3
1738	3	2
1739	2	1
1741	3	2
1749	2	3
1751	1	2
1753	2	1
1755	1	2
1757	2	1
1758	1	3
1759	1	2
1762	3	2
1763	3	2
1764	2	3
1765	2	3
1766	1	2
1767	1	2
1768	1	2
1769	2	1
1770	1	2
1772	2	3
1780	2	1
1781	3	1
1782	2	3
1784	3	2
1786	3	2
1791	1	2
1795	2	1
1796	1	2
1797	1	2
1801	1	2
1802	1	2
1803	1	2
1804	1	2
1806	3	2
1807	3	2
1808	3	2
1811	3	2
1812	2	1
1817	2	1
1819	3	2
1824	1	2
1830	2	1
1831	1	2
1839	2	3
1841	2	3
1846	2	3
1847	3	2
1848	2	1
1849	2	1
1853	2	1
1854	1	2
1857	2	1
1858	3	1
1859	1	3
1864	3	2
1865	3	2
1868	1	2
1878	3	2
1881	2	3
1883	2	1
1884	2	1
1886	1	3
1890	1	3
1891	2	1
1892	2	1
1895	2	3
1897	1	2
1899	2	3
1904	3	2
1905	2	3
1906	2	1
1914	3	2
1928	1	2
1935	2	1
1937	2	1
1940	2	3
1941	2	3
1943	2	1
1945	1	2
1946	2	3
1949	1	2
1950	1	2
1953	3	2
1954	2	3
1957	1	2
1959	2	1
1966	1	2
1967	2	3
1969	2	1
1970	1	3
1972	1	3
1973	2	1
1980	1	2
1981	1	2
1982	1	2
1983	1	3
1984	2	1
1986	2	3
1987	1	2
1990	2	3
1992	2	1
1993	1	2
1994	3	2
1995	3	2
2001	2	1
2002	2	1
2005	2	3
2009	2	1
2010	2	1
2013	3	2
2015	2	1
2021	1	2
2022	2	1
2024	2	3
2029	3	1
2033	2	3
2034	1	2
2035	1	2
2038	3	2
2039	2	3
2043	1	2
2058	2	1
2065	2	3
2067	3	1
2068	1	2
2072	2	1
2073	2	1
2078	2	1
2079	2	1
2082	1	2
2084	2	1
2085	2	1
2088	2	3
2096	2	3
2100	2	3
2103	2	1
2108	3	2
2109	2	3
2111	3	2
2113	2	3
2114	3	2
2115	2	1
2118	2	3
2119	3	2
2120	3	2
2121	2	3
2122	2	3
2125	3	2
2133	3	2
2137	1	2
2139	1	2
2141	1	2
2144	2	1
2145	2	3
2146	3	2
2147	3	2
2149	3	2
2150	2	1
2151	1	2
2152	1	2
2154	1	2
2155	3	1
2156	2	3
2158	1	2
2169	3	2
2170	2	1
2171	2	1
2172	2	1
2174	3	2
2177	1	2
2188	2	3
2189	2	3
2190	3	2
2192	1	2
2193	2	1
2194	1	2
2195	2	1
2197	1	2
2198	1	2
2200	3	2
2201	2	3
2202	3	2
2203	2	3
2207	2	1
2208	3	2
2209	2	3
2210	3	2
2213	3	2
2214	3	2
2215	2	3
2216	2	3
2217	3	2
2218	3	2
2220	2	3
2223	3	2
2224	2	3
2225	2	3
2230	3	2
2231	3	2
2238	3	2
2239	1	2
2240	1	2
2242	2	1
2247	3	2
2248	2	3
2250	2	1
2252	1	2
2254	3	2
2257	3	2
2258	3	2
2259	1	2
2260	2	1
2262	1	3
2263	2	1
2264	2	1
2265	3	2
2266	3	2
2269	2	3
2270	2	3
2271	2	3
2273	1	2
2278	3	2
2280	1	2
2281	2	3
2282	1	2
2286	1	2
2287	1	2
2288	2	1
2289	1	2
2290	1	2
2291	1	2
2293	1	2
2295	1	2
2301	2	3
2302	1	2
2304	1	2
2305	2	1
2315	1	2
2316	2	1
2317	1	2
2318	2	1
2320	3	2
2321	1	2
2323	2	1
2325	1	2
2328	2	1
2329	1	2
2330	1	2
2336	1	2
2340	3	2
2347	1	2
2354	1	3
2355	2	3
2361	3	2
2363	3	2
2364	1	2
2369	2	3
2370	3	2
2372	2	3
2378	2	1
2379	2	1
2380	1	2
2381	3	2
2385	2	3
2387	3	2
2389	1	2
2390	1	2
2391	2	1
2392	1	2
2393	1	2
2394	1	2
2401	1	2
2402	1	2
2411	3	2
2416	1	2
2417	2	3
2418	3	2
2419	2	3
2421	3	2
2423	1	2
2426	2	1
2429	2	3
2430	2	1
2434	2	1
2435	1	2
2436	1	2
2440	2	3
2441	2	3
2442	2	3
2449	1	2
2450	2	1
2451	2	1
2456	1	2
2460	3	2
2463	3	2
2465	1	2
2466	3	2
2475	2	3
2476	1	2
2477	1	2
2478	1	2
2480	1	2
2482	2	1
2484	2	3
2485	3	2
2487	3	2
2488	2	3
2490	1	2
2491	2	1
2493	1	2
2498	3	2
2499	2	3
2500	1	3
2501	2	3
2504	3	1
2505	1	2
2506	3	2
2507	1	2
2508	2	1
2509	1	2
2510	3	1
2511	2	3
2513	1	2
2515	2	1
2516	2	1
2519	3	1
2520	1	2
2521	2	3
2522	1	3
2523	2	3
2524	2	1
2533	2	3
2534	1	2
2535	1	2
2537	1	2
2538	2	3
2540	3	1
2541	2	3
2545	3	2
2546	1	2
2549	2	1
2550	2	3
2551	2	1
2552	1	2
2554	1	2
2560	2	1
2561	2	1
2566	3	2
2568	2	3
2569	2	3
2572	1	2
2573	2	1
2574	3	2
2577	3	2
2578	3	2
2580	2	1
2581	1	2
2582	2	1
2584	2	3
2585	3	2
2589	3	2
2590	2	1
2594	2	1
2597	2	1
2598	3	2
2601	1	2
2605	1	2
2606	3	2
2607	3	2
2608	3	2
2610	3	2
2612	2	3
2619	2	3
2620	3	2
2622	3	2
2624	3	2
2626	2	3
2633	1	2
2635	1	2
2636	1	2
2641	2	3
2643	3	2
2645	3	2
2646	1	3
2653	2	1
2654	2	1
2657	2	3
2659	3	2
2661	3	2
2665	1	2
2666	1	2
2667	2	1
2671	2	3
2672	2	3
2675	3	2
2682	2	3
2684	2	3
2686	2	3
2688	3	2
2692	2	1
2693	2	1
2694	3	2
2696	1	3
2698	1	3
2700	1	2
2702	1	2
2705	2	1
2707	2	3
2708	3	2
2711	2	1
2715	1	2
2721	3	2
2725	2	1
2731	2	1
2732	2	1
2733	2	1
2735	3	2
2736	2	3
2740	3	2
2742	3	2
2743	2	3
2744	3	2
2753	1	2
2757	2	3
2758	3	2
2761	3	2
2762	2	3
2764	2	1
2773	1	2
2774	2	1
2775	1	2
2777	2	1
2779	1	2
2781	2	1
2782	1	2
2783	1	2
2787	2	1
2789	1	2
2790	2	1
2791	1	2
2792	1	2
2797	1	2
2799	1	2
2801	3	2
2803	1	2
2806	2	3
2807	1	3
2810	1	2
2811	1	2
2814	3	2
2815	3	2
2816	2	1
2818	3	2
2819	1	2
2822	2	1
2823	2	1
2824	1	2
2825	1	2
2828	2	3
2829	3	2
2830	3	2
2833	3	2
2836	2	3
2838	2	3
2839	1	2
2841	2	3
2849	3	2
2850	1	2
2851	1	2
2852	1	2
2853	1	2
2855	1	2
2856	1	2
2860	1	2
2865	1	2
2866	3	2
2867	2	3
2871	2	3
2872	3	2
2873	3	2
2874	1	2
2876	2	3
2877	2	3
2889	2	3
2890	3	2
2891	1	2
2892	1	2
2893	1	2
2895	3	2
2896	3	1
2901	1	3
2903	1	2
2904	1	2
2910	2	3
2911	3	2
2922	1	2
2929	1	2
2931	3	2
2932	3	2
2933	2	3
2939	1	2
2946	2	1
2947	1	2
2952	1	2
2953	2	1
2954	2	1
2955	2	1
2957	2	1
2963	3	2
2965	2	3
2967	2	3
2968	2	3
2969	2	1
2970	2	3
2971	3	2
2972	3	2
2973	2	3
2974	2	3
2975	1	2
2976	3	1
2978	1	2
2980	2	1
2987	3	2
2990	2	3
2992	2	1
2993	2	1
2995	3	2
2997	2	1
3003	3	2
3005	1	2
3009	1	2
3014	2	3
3015	2	3
3016	1	2
3018	1	2
3024	3	2
3027	3	2
3028	2	3
3029	3	2
3030	3	2
3036	3	2
3037	3	2
3038	3	2
3040	2	3
3042	3	2
3043	2	3
3044	1	2
3045	1	2
3047	1	2
3051	2	1
3054	1	2
3056	1	2
3057	2	1
3065	3	2
3071	1	2
3073	3	2
3075	1	2
3077	3	2
3078	2	3
3080	3	2
3082	3	2
3083	3	2
3087	2	1
3088	1	2
3091	1	2
3093	2	3
3094	3	2
3101	2	3
3105	1	2
3106	1	2
3108	1	2
3110	1	2
3111	1	2
3112	1	2
3113	2	1
3115	1	2
3118	1	3
3122	2	1
3127	2	1
3131	2	1
3132	2	3
3133	1	2
3136	3	2
3137	3	2
3143	2	1
3151	2	3
3152	2	3
3155	1	2
3157	3	2
3159	3	2
3160	2	3
3162	3	2
3163	2	1
3164	1	2
3166	3	2
3171	3	2
3179	1	2
3187	3	2
3188	3	2
3190	2	1
3192	3	2
3195	3	2
3196	3	1
3197	1	2
3198	1	2
3199	1	2
3201	3	2
3202	3	2
3203	3	2
3210	2	1
3212	1	2
3217	3	2
3222	1	2
3227	3	2
3229	3	2
3230	3	2
3231	3	2
3233	3	2
3234	1	2
3241	1	2
3244	1	2
3245	3	2
3246	3	2
3247	3	2
3249	3	2
3255	3	2
3256	1	2
3260	2	3
3271	2	3
3275	1	2
3276	2	3
3277	3	2
3278	2	3
3279	3	2
3280	1	2
3286	1	3
3287	3	1
3289	2	1
3292	3	1
3293	3	1
3296	2	3
3299	2	3
3300	3	2
3304	1	2
3305	2	3
3307	2	1
3312	3	2
3313	2	3
3315	1	2
3320	2	1
3323	2	3
3325	1	2
3332	2	1
3333	2	3
3334	1	3
3335	1	3
3336	3	1
3337	2	1
3340	2	3
3341	1	2
3345	2	3
3346	1	2
3347	2	1
3348	2	1
3352	2	1
3353	2	1
3362	1	2
3363	1	2
3364	2	3
3370	3	2
3371	2	3
3376	3	2
3377	3	2
3378	3	1
3390	1	2
3403	3	2
3404	3	2
3406	2	1
3408	2	1
3414	1	2
3415	2	1
3422	2	1
3423	2	3
3427	2	3
3442	1	2
3443	1	2
3444	2	1
3451	1	2
3453	1	2
3455	1	2
3456	1	2
3457	1	2
3460	2	1
3461	1	2
3468	2	1
3471	2	1
3472	2	1
3473	3	2
3479	2	3
3483	2	1
3486	2	3
3487	1	3
3490	1	2
3491	2	1
3492	2	1
3496	1	2
3497	2	1
3505	2	3
3506	1	3
3507	2	3
3511	2	3
3520	3	2
3528	1	2
3529	1	2
3530	2	1
3536	1	2
3545	2	1
3546	2	1
3548	1	2
3554	2	1
3561	3	2
3563	3	1
3566	2	3
3569	2	3
3570	3	2
3580	2	3
3581	3	2
3582	1	2
3590	2	3
3600	2	3
3601	3	2
3603	1	2
3604	1	2
3605	2	1
3607	1	2
3615	3	2
3617	3	2
3618	2	3
3620	3	2
3621	2	3
3624	2	3
3625	3	2
3629	1	2
3633	3	1
3634	2	1
3640	2	1
3642	2	3
3645	1	2
3647	3	2
3648	2	3
3653	3	2
3663	3	2
3664	2	1
3666	1	2
3667	2	1
3669	3	2
3670	3	2
3672	1	2
3673	1	2
3674	1	2
3675	2	1
3676	3	2
3677	1	3
3679	1	3
3681	1	2
3688	1	2
3690	2	1
3691	1	2
3693	1	2
3699	3	2
3700	2	3
3704	1	2
3708	3	2
3711	1	2
3713	1	2
3714	2	1
3717	2	1
3721	1	2
3723	1	2
3726	2	3
3729	2	1
3730	1	2
3732	2	1
3739	3	2
3742	3	2
3744	1	2
3745	2	1
3746	1	2
3751	2	1
3759	2	3
3761	3	2
3764	1	2
3767	1	2
3768	1	2
3770	2	1
3771	3	2
3772	3	2
3776	1	2
3778	2	1
3779	1	2
3787	2	3
3789	2	3
3790	2	3
3791	2	3
3792	1	2
3793	1	2
3800	2	3
3802	2	1
3803	2	3
3804	3	2
3808	1	2
3810	2	3
3811	3	2
3812	2	3
3815	1	2
3818	2	1
3820	1	2
3821	3	2
3822	1	2
3823	1	3
3827	1	2
3828	1	2
3831	1	2
3841	1	2
3851	1	2
3852	1	2
3853	3	2
3854	3	2
3855	3	2
3858	2	3
3859	3	2
3860	1	2
3862	1	2
3863	1	2
3878	2	3
3879	2	3
3884	2	3
3889	1	2
3892	1	2
3894	1	2
3896	1	2
3897	2	1
3899	1	2
3901	3	2
3902	3	2
3903	3	2
3905	2	1
3906	1	2
3907	3	2
3913	2	1
3916	2	3
3917	1	2
3918	1	2
3920	2	3
3923	3	2
3924	3	2
3933	1	2
3934	1	2
3936	2	1
3938	1	2
3939	1	2
3941	1	2
3942	2	1
3943	1	2
3950	2	1
3960	3	2
3961	3	2
3962	1	2
3965	3	2
3967	1	2
3968	2	1
3971	3	2
3973	2	1
3978	2	1
3979	1	2
3980	1	2
3984	2	3
3987	2	1
3990	2	3
3991	1	3
3992	2	3
3998	1	2
4008	2	3
4010	2	1
4014	3	2
4016	3	2
4017	3	2
4021	3	2
4025	1	2
4033	2	1
4034	2	1
4035	1	2
4038	1	2
4039	3	2
4040	2	3
4049	2	3
4055	2	1
4056	2	1
4059	1	2
4067	2	3
4068	3	2
4070	3	2
4071	3	2
4072	3	2
4073	2	3
4078	1	2
4079	2	3
4085	3	2
4087	1	2
4091	3	2
4095	2	3
4100	2	1
4101	2	1
4102	2	1
4104	1	2
4106	2	1
4111	1	2
4123	2	3
4126	1	2
4129	1	2
4133	1	2
4134	1	2
4139	1	2
4140	2	1
4146	1	2
4148	1	2
4149	1	2
4157	2	3
4158	3	2
4159	2	3
4166	3	2
4168	2	3
4188	2	3
4190	2	3
4192	3	2
4198	3	2
4203	3	2
4205	2	3
4207	1	2
4209	2	1
4212	2	3
4213	1	3
4214	3	1
4215	1	2
4216	2	3
4218	2	1
4225	2	3
4227	3	1
4228	3	2
4235	3	2
4237	3	2
4238	2	3
4242	2	1
4243	3	2
4251	2	3
4256	2	1
4260	3	2
4262	3	2
4266	1	2
4276	2	3
4277	3	2
4278	3	2
4280	3	2
4283	2	1
4286	2	1
4287	2	1
4292	3	1
4293	1	2
4302	2	3
4303	2	1
4307	1	2
4309	3	2
4313	3	2
4315	2	1
4321	2	1
4327	2	3
4329	1	2
4330	1	2
4331	1	2
4332	3	2
4333	2	3
4340	2	3
4341	3	2
4349	2	3
4350	1	2
4361	3	2
4362	2	3
4367	1	2
4369	1	2
4370	2	1
4372	2	3
4375	2	3
4377	2	3
4378	2	3
4382	3	2
4383	3	2
4385	1	2
4388	2	1
4399	1	2
4404	2	1
4405	2	1
4407	2	1
4413	3	2
4414	2	3
4419	2	3
4426	3	2
4436	1	2
4437	2	1
4439	1	2
4440	2	1
4444	1	2
4445	1	2
4451	1	2
4463	2	1
4465	3	2
4468	3	2
4469	3	2
4475	3	2
4480	2	3
4481	3	1
4482	3	2
4488	2	1
4492	2	1
4497	2	3
4503	1	2
4505	1	2
4508	1	2
4509	1	2
4523	2	1
4528	3	2
4529	2	3
4530	3	2
4532	2	3
4533	2	3
4540	2	1
4542	2	3
4543	3	2
4546	1	2
4550	2	3
4551	1	2
4552	1	2
4553	2	3
4554	3	2
4556	3	2
4564	1	2
4566	1	2
4568	2	3
4570	3	2
4574	2	3
4579	2	1
4581	3	2
4603	3	2
4607	3	2
4611	2	3
4612	2	3
4614	2	3
4615	3	2
4619	1	2
4621	3	2
4625	2	1
4626	3	1
4627	2	1
4628	1	2
4629	1	2
4637	1	2
4640	1	2
4641	2	1
4643	2	1
4644	2	1
4646	2	1
4651	2	3
4653	2	3
4655	1	2
4657	1	2
4665	1	2
4670	3	2
4671	2	1
4672	2	1
4677	1	2
4678	2	3
4680	1	2
4683	1	2
4686	3	2
4687	3	2
4688	2	3
4690	3	1
4691	1	2
4692	2	1
4704	2	3
4707	3	2
4711	2	3
4715	1	2
4729	1	2
4731	3	2
4734	2	1
4738	3	2
4743	2	3
4744	2	3
4745	3	2
4747	2	3
4748	3	2
4749	3	2
4751	2	3
4752	3	2
4758	3	2
4760	3	2
4761	3	2
4763	2	3
4766	3	2
4768	2	3
4771	2	3
4772	2	3
4775	2	1
4776	1	2
4777	2	1
4778	2	1
4780	2	3
4782	2	3
4783	3	2
4787	3	2
4788	2	3
4789	3	2
4792	2	3
4793	3	2
4794	2	3
4796	3	2
4797	2	1
4799	2	3
4807	1	2
4809	1	2
4810	3	2
4811	1	2
4812	1	2
4814	2	3
4815	2	3
4820	3	2
4822	2	1
4829	3	2
4830	1	2
4831	1	2
4832	3	2
4833	3	2
4836	2	1
4838	1	2
4841	2	1
4842	2	1
4843	2	1
4859	1	2
4862	3	2
4867	2	3
4874	1	2
4876	3	2
4878	3	2
4883	3	2
4884	2	1
4886	1	2
4890	3	2
4905	1	2
4909	3	2
4910	2	3
4914	2	3
4924	1	2
4932	1	2
4933	2	1
4939	1	2
4941	1	2
4942	1	2
4944	2	1
4945	2	1
4946	1	2
4947	2	3
4948	2	3
4952	1	2
4958	3	2
4960	3	2
4964	2	1
4966	2	1
4967	1	2
4974	2	3
4988	3	2
4990	2	3
4992	1	2
4996	2	1
4999	1	2
5000	2	1
5002	1	2
5009	2	1
5026	3	2
5027	2	1
5028	2	1
5037	2	3
5039	1	2
5041	1	2
5049	1	2
5055	3	2
5068	2	3
5090	1	2
5114	1	2
5126	1	2
5161	3	2
5166	3	2
5168	2	3
5172	2	1
5173	2	1
5174	2	1
5175	2	3
5177	2	1
5178	2	3
5180	3	2
5209	2	1
5211	2	3
5214	3	2
5216	3	2
5222	2	3
5225	2	3
5227	1	2
5234	1	2
5235	1	2
5237	3	2
5244	2	1
5246	3	1
5263	2	3
5264	2	3
5265	2	1
5268	1	2
5274	1	2
5281	1	2
5291	1	2
5297	1	2
5302	2	3
5309	2	1
5310	1	2
5314	1	3
5315	3	1
5316	2	1
5320	3	2
5345	2	3
5354	1	2
5357	3	2
5358	3	2
5367	2	3
5376	1	2
5378	3	2
5380	1	2
5381	1	2
5382	1	2
5397	2	1
5404	2	1
5405	2	1
5410	3	2
5423	2	1
5436	2	3
5438	1	2
5455	1	2
5459	2	3
5460	3	2
5476	2	1
5490	3	2
5503	2	1
5505	3	2
5508	3	2
5511	2	1
5512	1	2
5513	2	1
5525	2	1
5551	3	2
5570	3	2
5574	1	2
5588	2	3
5597	1	2
5600	1	2
5601	1	2
5604	3	2
5612	3	2
5613	1	2
5621	2	1
5631	3	2
5637	3	2
5651	2	1
5653	3	2
5666	2	3
5672	3	2
5682	1	2
5683	1	2
5685	1	2
5693	3	2
5705	2	1
5734	3	2
5736	1	3
5737	2	3
5741	2	3
5745	2	1
5756	2	1
5759	2	1
5761	1	2
5776	2	3
5779	2	3
5798	3	2
5800	2	1
5808	2	3
5837	3	2
5855	3	2
5863	1	2
5870	2	1
5871	2	3
5873	2	1
5881	3	2
5887	3	2
5908	1	2
5909	1	2
5912	1	2
5913	2	3
5918	3	2
5929	2	1
5931	1	2
5935	2	3
5945	1	2
5948	3	2
5957	3	2
5960	1	2
5963	1	2
5970	1	2
5974	3	2
5978	2	3
5996	2	3
5997	2	1
6017	2	3
6029	2	3
6034	3	2
6035	2	3
6045	2	3
6046	2	3
6048	3	2
6049	3	2
6051	1	2
6068	1	2
6071	3	2
6075	1	2
6077	1	2
6080	3	2
6093	2	3
6109	2	1
6112	3	2
6118	1	2
6119	1	2
6122	2	1
6129	2	3
6133	2	3
6134	3	2
6144	2	1
6146	1	2
6156	3	2
6163	2	3
6171	2	3
6181	2	3
6186	3	2
6191	2	3
6198	3	2
6206	3	2
6209	2	3
6215	3	2
6239	2	3
6240	3	2
6245	3	2
6248	1	2
6254	1	2
6262	3	2
6264	2	1
6267	2	3
6268	3	2
6275	3	2
6277	3	2
6282	1	2
6289	3	2
6291	1	2
6292	2	1
6293	2	1
6303	3	2
6312	3	2
6313	1	2
6314	1	2
6316	3	2
6334	1	2
6338	2	1
6343	1	2
6344	2	1
6352	2	3
6354	2	1
6355	1	2
6377	1	2
6379	3	2
6380	3	2
6397	2	1
6424	2	3
6444	3	2
6446	2	3
6454	1	2
6465	2	3
6468	2	1
6473	2	1
6477	2	3
6490	2	1
6491	1	2
6495	2	1
6496	1	2
6503	2	3
6515	1	2
6516	1	2
6539	1	2
6541	2	1
6547	3	2
6556	3	2
6559	1	2
6560	3	2
6563	2	1
6565	3	2
6567	3	2
6571	2	1
6577	2	1
6579	2	1
6590	2	1
6601	1	2
6605	2	1
6606	2	3
6607	3	2
6608	3	2
6613	2	3
6617	2	3
6623	2	3
6625	2	3
6630	3	2
6633	2	3
6644	2	3
6651	3	2
6653	2	3
6663	1	2
6665	2	3
6666	3	2
6675	1	2
6680	1	2
6688	2	1
6702	2	3
6703	1	2
6704	2	1
6710	2	3
6711	3	2
6716	1	2
6723	2	1
6738	2	1
6744	1	2
6745	3	2
6747	3	2
6750	3	2
6752	3	2
6754	1	2
6755	2	1
6766	1	2
6767	1	2
6773	2	1
6780	1	3
6808	2	3
6812	1	2
6813	2	1
6814	3	1
6815	1	2
6829	1	3
6833	2	1
6835	3	1
6838	2	3
6839	2	3
6840	2	3
6847	3	2
6849	3	2
6856	3	2
6875	1	2
6876	1	2
6882	1	2
6883	1	2
6887	2	1
6890	2	1
6900	2	1
6912	2	1
6923	2	1
6933	2	3
6949	3	2
6959	3	2
6967	2	1
6970	1	2
6992	1	2
6995	2	1
6999	3	2
7019	3	2
7020	3	2
7042	2	1
7047	2	1
7048	2	1
7050	2	1
7054	2	3
7059	3	2
7076	1	2
7077	2	1
7080	3	2
7083	3	2
7084	3	2
7090	3	2
7100	2	3
7104	1	2
7107	3	2
7109	3	2
7111	1	2
7126	3	2
7127	2	3
7128	3	2
7140	2	1
7147	2	1
7149	3	1
7150	3	2
7155	3	2
7176	3	2
7177	2	1
7192	3	2
7195	1	3
7196	2	1
7198	2	1
7199	1	2
7202	2	3
7207	3	2
7211	2	1
7212	1	2
7213	2	1
7222	2	3
7229	2	1
7230	3	2
7246	2	1
7250	2	1
7255	2	1
7266	1	2
7275	3	2
7276	3	2
7285	1	2
7291	2	1
7300	3	2
7304	2	3
7355	2	1
7358	2	1
7369	2	3
7370	3	2
7371	3	2
7376	3	2
7392	3	2
7403	2	1
7407	2	3
7430	1	2
7439	3	2
7440	1	2
7441	1	3
7442	1	2
7445	3	2
7464	2	3
7465	2	3
7466	3	1
7467	3	2
7471	2	1
7479	1	2
7489	3	2
7490	2	3
7491	2	3
7493	2	3
7496	1	2
7510	3	2
7511	3	2
7514	2	3
7520	1	2
7523	1	2
7525	1	2
7531	3	2
7534	3	2
7535	2	3
7559	2	3
7560	3	2
7569	3	2
7574	1	2
7588	3	2
7597	2	3
7598	2	3
7606	1	2
7615	2	1
7622	1	2
7629	3	2
7640	2	1
7648	1	2
7650	3	2
7652	3	2
7657	3	2
7658	1	2
7675	1	2
7679	3	2
7697	2	1
7729	1	2
7730	3	2
7739	3	2
7742	2	3
7762	2	1
7766	3	2
7768	1	2
7773	1	2
7778	3	2
7780	2	3
7781	3	2
7785	2	1
7788	2	1
7789	1	2
7807	1	2
7827	3	2
7828	2	1
7836	1	2
7839	2	1
7852	3	2
7853	3	2
7857	3	2
7861	2	3
7884	3	2
7911	2	1
7916	1	2
7924	1	2
7925	2	1
7926	3	2
7946	3	2
7947	3	1
7963	3	2
7966	2	1
7974	3	2
7978	2	3
7992	2	3
7993	2	1
7994	2	1
7996	1	2
7998	2	1
8005	1	3
8009	2	3
8013	2	1
8022	1	2
8041	3	2
8050	2	1
8058	3	2
8061	2	1
8071	1	2
8072	3	2
8074	2	1
8086	2	3
8089	1	2
8105	2	1
8109	1	2
8110	2	1
8115	2	1
8132	1	2
8133	1	2
8138	3	2
8143	1	2
8153	3	2
8167	3	2
8168	2	3
8172	3	2
8181	3	2
8200	3	2
8203	3	2
8212	1	2
8217	2	1
8218	1	2
8223	2	3
8226	3	2
8230	2	1
8231	2	3
8235	2	1
8236	2	1
8245	2	3
8254	2	3
8259	1	3
8263	2	3
8265	3	2
8267	3	2
8268	3	2
8275	1	2
8281	1	2
8283	1	2
8293	2	1
8296	1	2
8301	1	3
8302	3	2
8303	2	3
8307	3	2
8325	2	1
8354	3	2
8370	1	2
8399	3	2
8419	2	3
8420	2	1
8421	1	2
8428	3	2
8431	2	3
8435	1	2
8436	2	1
8463	2	1
8467	2	1
8468	2	3
8473	2	3
8477	2	3
8480	2	1
8493	3	2
8494	3	2
8506	2	1
8508	2	1
8512	2	3
8513	1	2
8517	1	2
8522	2	1
8523	1	2
8532	2	3
8539	3	2
8540	3	2
8562	3	2
8564	2	3
8577	2	3
8578	3	2
8593	1	2
8594	1	2
8600	3	2
8601	2	3
8609	3	2
8611	3	2
8612	2	3
8621	2	3
8623	1	2
8630	1	2
8631	1	2
8632	2	1
8647	1	2
8648	1	2
8649	1	2
8658	3	2
8660	1	2
8661	3	2
8662	2	1
8667	3	2
8669	2	1
8674	2	3
8676	3	2
8677	3	2
8691	3	2
8701	1	2
8702	2	3
8706	2	3
8720	2	1
8723	2	1
8735	3	2
8737	1	2
8739	2	3
8763	3	2
8765	2	3
8776	3	2
8795	3	2
8799	2	3
8811	2	1
8843	1	2
8849	3	2
8858	3	2
8867	3	2
8870	3	1
8871	3	1
8872	1	2
8873	2	3
8874	2	3
8876	3	1
8881	2	3
8883	1	2
8884	1	2
8885	3	2
8887	1	2
8890	2	1
8903	2	1
8905	1	2
8908	2	3
8913	3	2
8917	2	1
8926	1	2
8930	2	1
8942	3	2
8947	3	2
8951	3	2
8967	2	1
8968	1	2
8990	2	3
9003	1	2
9010	2	3
9036	3	1
9040	1	2
9041	1	2
9043	3	2
9045	3	1
9046	1	2
9050	2	3
9056	3	2
9062	1	2
9067	3	2
9069	3	2
9073	1	2
9074	1	2
9081	3	2
9112	2	1
9116	3	2
9132	1	2
9133	3	2
9134	3	2
9137	1	2
9140	3	2
9146	3	2
9157	2	1
9162	2	3
9166	1	2
9171	1	2
9172	2	3
9204	1	2
9216	2	1
9218	1	2
9219	1	2
9220	1	2
9225	2	1
9227	1	2
9239	3	2
9246	2	1
9258	3	2
9262	2	3
9265	3	2
9275	2	1
9279	2	1
9280	1	2
9293	2	1
9304	1	2
9305	3	1
9307	3	2
9312	3	2
9313	2	3
9321	2	3
9326	1	2
9327	1	2
9328	1	2
9332	1	2
9336	2	3
9337	3	2
9345	2	1
9346	2	1
9347	1	2
9351	2	1
9354	1	2
9357	3	2
9369	1	2
9377	3	2
9378	1	2
9380	1	2
9395	1	2
9413	2	3
9420	2	1
9423	1	2
9427	2	1
9444	2	1
9449	2	3
9459	2	3
9474	2	1
9475	3	2
9488	3	2
9504	3	2
9508	3	2
9512	2	1
9514	3	2
9529	1	2
9530	3	2
9536	2	1
9538	3	2
9541	1	2
9547	1	2
9555	2	3
9605	3	2
9614	2	3
9621	2	3
9622	1	3
9624	2	3
9633	3	2
9635	2	3
9656	3	2
9667	2	1
9668	2	1
9672	2	1
9690	2	1
9692	1	2
9696	2	1
9697	2	3
9698	1	2
9699	2	1
9700	1	2
9702	3	2
9720	2	1
9722	2	1
9726	1	2
9727	2	3
9733	2	3
9737	3	2
9748	3	2
9749	3	2
9752	1	2
9755	2	1
9760	1	2
9766	2	3
9769	1	2
9776	3	2
9780	2	1
9783	1	2
9785	3	2
9793	2	3
9795	2	3
9804	1	2
9824	2	1
9826	3	2
9827	2	3
9834	2	1
9835	1	2
9836	1	2
9838	3	2
9847	2	1
9848	1	2
9858	2	3
9879	2	1
9882	2	3
9884	1	2
9901	1	2
9909	1	2
9910	1	2
9914	1	2
9923	2	1
9938	3	2
9941	2	3
9952	3	2
9955	2	3
9957	3	2
9960	1	2
9961	1	2
9964	3	2
9969	2	1
9979	3	2
9980	2	3
9991	2	1
10006	2	3
10007	3	2
10011	1	2
10014	2	1
10015	2	1
10017	1	2
10021	1	2
10035	2	1
10037	1	2
10042	1	2
10048	2	1
10051	3	2
10061	1	2
10067	2	3
10078	1	2
10080	2	1
10092	2	3
10095	1	2
10111	3	2
10114	1	2
10120	1	2
10156	3	2
10157	3	2
10169	2	3
10171	2	1
10185	1	2
10188	1	2
10189	1	2
10192	2	1
10196	1	2
10212	3	1
10218	2	3
10227	3	2
10230	2	1
10240	2	1
10242	3	2
10246	1	2
10248	2	3
10249	3	2
10253	2	1
10255	2	3
10256	2	3
10258	1	2
10260	1	2
10262	3	2
10265	2	3
10269	3	2
10270	2	3
10273	2	3
10275	1	2
10282	2	1
10289	3	2
10294	3	2
10299	3	2
10306	1	2
10314	3	2
10323	1	2
10324	2	1
10331	2	3
10338	3	2
10340	3	2
10341	1	3
10349	1	2
10350	1	2
10357	2	3
10362	2	1
10386	2	3
10390	1	3
10391	1	2
10392	1	2
10401	2	3
10408	3	1
10410	2	3
10411	1	2
10412	1	2
10414	1	2
10418	2	3
10422	3	2
10439	2	1
10443	2	1
10444	2	1
10463	1	2
10478	2	1
10494	1	2
10504	1	2
10507	2	1
10516	2	1
10517	2	1
10529	2	3
10534	1	2
10535	1	2
10544	2	1
10554	1	2
10571	3	2
10577	1	2
10583	2	3
10589	3	2
10597	1	2
10599	2	1
10611	2	3
10612	2	3
10652	1	2
10669	3	2
10671	1	2
10677	2	3
10679	3	2
10680	2	3
10684	2	1
10687	1	2
10695	3	2
10697	2	1
10702	2	3
10704	3	2
10706	2	3
10708	2	1
10712	3	2
10719	1	2
10720	1	2
10721	3	2
10722	3	2
10725	3	2
10728	2	1
10730	2	3
10731	2	1
10740	1	2
10744	3	2
10746	1	2
10752	3	2
10765	1	2
10777	3	2
10790	2	3
10795	2	3
10800	3	2
10802	2	3
10807	2	3
10820	2	1
10831	3	2
10842	2	1
10847	2	1
10860	1	2
10868	1	2
10869	2	1
10870	2	1
10872	1	2
10878	3	1
10882	3	2
10887	3	2
10896	2	3
10901	1	2
10918	2	3
10937	3	2
10943	3	2
10955	2	1
10959	1	2
10963	1	2
10964	1	2
10967	3	2
10968	2	3
10970	3	2
10985	3	2
11009	2	1
11017	2	3
11022	1	2
11023	2	1
11025	3	2
11030	1	2
11031	2	1
11034	2	1
11038	1	2
11045	2	3
11066	2	3
11073	2	1
11080	2	3
11090	3	1
11100	2	3
11119	3	2
11129	2	3
11130	2	3
11131	2	3
11133	2	3
11137	3	2
11147	3	2
11149	3	2
11153	3	2
11160	2	1
11166	2	3
11177	2	1
11178	1	2
11179	3	2
11181	3	2
11182	2	3
11186	2	1
11202	1	2
11203	1	2
11204	1	2
11208	1	2
11218	1	2
11226	2	1
11243	3	2
11250	3	2
11260	2	3
11261	2	3
11262	1	2
11270	3	2
11271	3	2
11275	1	2
11279	1	2
11282	3	2
11284	2	1
11285	1	2
11286	3	2
11288	3	2
11291	2	3
11311	1	2
11317	1	2
11318	1	2
11319	1	2
11320	1	2
11331	2	3
11334	3	2
11340	2	3
11352	2	1
11355	2	1
11356	1	2
11362	2	3
11371	3	2
11372	2	3
11373	1	3
11375	2	1
11378	2	1
11379	1	2
11382	3	2
11386	3	2
11399	2	3
11427	3	2
11428	3	2
11431	2	1
11433	1	2
11439	2	3
11440	3	2
11444	1	2
11465	1	2
11469	2	1
11472	1	2
11477	1	2
11490	3	2
11491	2	3
11494	1	2
11502	2	3
11504	2	1
11506	2	3
11521	2	1
11523	2	3
11524	3	2
11548	2	1
11549	2	1
11550	2	1
11552	1	2
11562	1	2
11564	2	1
11567	3	2
11572	2	3
11582	1	2
11584	3	2
11596	2	3
11610	2	1
11611	2	1
11612	1	2
11613	1	2
11614	3	2
11616	2	1
11634	2	3
11635	2	3
11639	3	2
11646	3	2
11659	2	3
11670	1	2
11678	2	1
11681	2	3
11697	1	2
11698	3	2
11704	2	1
11710	2	3
11717	1	2
11734	2	1
11741	2	1
11749	1	2
11753	2	1
11761	3	2
11764	1	2
11778	1	2
11797	1	2
11815	2	3
11828	2	1
11839	3	2
11840	3	2
11842	2	1
11848	2	1
11865	3	2
11867	3	2
11868	1	2
11877	1	2
11882	2	3
11889	2	3
11891	2	3
11897	1	2
11902	2	1
11916	2	1
11924	2	1
11934	3	2
11935	3	2
11944	1	2
11946	1	2
11947	2	3
11960	1	2
11965	3	2
11970	2	3
11971	3	2
11972	2	3
11977	1	2
11978	1	2
11992	2	3
11993	3	2
11994	3	2
11995	2	3
12000	3	2
12006	1	2
12008	2	3
12009	3	2
12016	2	1
12031	2	1
12033	2	1
12035	1	2
12045	1	2
12048	3	2
12049	2	3
12053	2	3
12068	2	3
12072	1	2
12080	2	1
12089	3	2
12090	3	2
12091	3	2
12095	2	3
12103	2	1
12108	1	2
12112	1	2
12162	3	2
12163	1	2
12166	2	1
12175	1	2
12180	3	1
12182	3	2
12183	2	3
12189	1	2
12191	3	2
12206	2	1
12214	2	3
12234	3	2
12235	3	2
12257	2	1
12258	1	2
12262	2	3
12265	2	1
12267	2	3
12275	2	3
12276	1	2
12280	1	2
12291	3	1
12297	3	2
12300	3	2
12307	1	2
12317	3	2
12318	3	2
12321	2	3
12324	2	3
12325	2	3
12330	3	2
12348	3	2
12360	2	1
12361	2	1
12362	2	3
12363	3	2
12368	2	1
12372	3	2
12375	1	2
12389	3	2
12390	2	3
12391	2	3
12392	3	2
12402	1	2
12412	2	3
12435	1	2
12442	3	2
12457	3	2
12462	3	2
12475	3	2
12477	1	2
12478	2	3
12479	2	3
12481	3	2
12483	2	3
12487	1	3
12489	2	3
12492	3	2
12508	2	3
12528	2	3
12545	3	2
12548	2	1
12556	3	2
12560	1	2
12561	3	2
12565	1	2
12570	2	1
12579	1	2
12592	2	1
12610	3	2
12612	3	2
12621	2	1
12647	1	2
12651	2	3
12661	2	1
12663	2	1
12667	2	1
12668	2	1
12702	3	2
12703	3	2
12709	2	3
12710	2	3
12713	3	2
12730	2	3
12733	3	2
12734	2	3
12736	2	3
12740	1	2
12753	2	1
12761	1	2
12790	3	2
12791	3	2
12806	2	1
12818	2	1
12821	3	2
12822	3	2
12828	2	3
12831	1	2
12838	2	1
12843	1	2
12844	1	2
12861	2	3
12862	2	3
12866	1	2
12870	3	2
12879	3	2
12883	3	2
12884	3	2
12885	2	1
12890	3	2
12896	3	2
12901	1	2
12903	2	1
12906	3	2
12907	2	3
12908	2	3
12912	2	1
12933	1	2
12935	2	3
12936	3	1
12943	2	1
12944	2	1
12955	3	2
12958	1	2
12993	1	2
12997	3	1
12998	2	3
12999	2	3
13000	2	3
13006	2	3
13017	2	1
13020	3	1
13035	1	2
13095	1	2
13108	2	1
13109	1	2
13113	2	1
13115	2	1
13128	1	2
13137	1	2
13138	2	3
13154	3	2
13158	1	2
13159	1	2
13164	1	2
13180	3	2
13181	3	1
13186	3	2
13197	2	1
13198	2	1
13204	1	2
13213	2	3
13214	3	2
13236	2	3
13241	3	2
13258	3	2
13260	2	3
13262	2	3
13279	2	3
13293	2	3
13294	2	3
13312	3	2
13344	1	2
13350	1	2
13359	1	2
13361	2	1
13363	2	1
13371	1	2
13379	2	3
13382	3	1
13384	2	3
13385	2	3
13389	3	2
13398	2	1
13399	1	2
13400	1	2
13410	2	3
13417	3	2
13419	3	2
13430	2	1
13435	2	3
13437	2	3
13439	2	3
13449	2	3
13459	1	2
13466	2	1
13469	1	2
13484	3	2
13496	1	2
13519	2	1
13524	3	2
13526	2	1
13549	1	2
13557	2	1
13561	1	2
13566	3	2
13572	1	2
13589	2	1
13592	1	3
13595	1	2
13598	2	1
13608	1	2
13615	2	3
13617	1	3
13618	2	3
13619	1	2
13621	3	2
13622	1	3
13628	1	2
13629	2	1
13630	1	2
13634	2	3
13643	3	2
13650	3	2
13657	1	2
13658	1	2
13661	1	2
13662	2	1
13668	2	1
13669	2	3
13671	2	3
13673	3	2
13674	2	3
13677	2	1
13684	1	2
13689	2	1
13692	2	3
13693	3	2
13696	3	2
13700	2	3
13714	1	3
13715	3	2
13718	1	2
13726	2	1
13730	1	2
13762	1	2
13768	1	2
13771	1	2
13795	2	3
13808	3	2
13812	2	3
13824	1	2
13827	3	2
13829	3	2
13840	3	2
13845	2	1
13859	2	1
13862	3	2
13865	1	2
13868	2	1
13880	2	1
13888	3	2
13892	2	1
13898	1	2
13903	3	1
13905	1	2
13906	2	1
13907	1	2
13913	2	1
13931	3	2
13935	2	1
13937	1	2
13941	2	3
13947	1	2
13948	1	2
13949	1	2
13950	2	1
13957	2	1
13958	1	2
13971	1	2
13972	2	3
13973	3	2
13974	2	1
13981	1	2
13990	3	2
13993	2	3
13994	1	2
13995	1	2
14002	3	2
14017	1	2
14020	3	2
14025	2	1
14026	1	2
14030	3	2
14035	3	2
14048	3	2
14049	3	2
14056	1	2
14058	2	1
14059	1	2
14061	2	1
14062	2	1
14068	1	2
14083	1	2
14085	1	2
14092	1	2
14093	2	1
14102	1	2
14118	2	3
14119	2	3
14133	2	3
14136	1	3
14140	1	3
14148	1	2
14149	1	2
14150	3	2
14168	1	2
14172	2	3
14177	1	2
14182	3	2
14196	2	3
14197	3	2
14199	3	2
14206	1	2
14209	1	2
14212	2	3
14219	3	2
14221	3	2
14225	1	2
14226	2	1
14234	1	2
14236	2	1
14239	2	1
14240	1	2
14242	2	1
14249	3	2
14256	3	2
14263	1	2
14278	2	1
14288	3	1
14300	2	1
14311	3	2
14316	2	1
14318	3	2
14325	1	2
14335	1	2
14345	3	2
14348	3	2
14350	3	2
14360	2	3
14366	3	2
14372	2	1
14379	2	3
14384	2	3
14414	1	2
14415	1	2
14426	1	2
14436	1	2
14437	1	2
14442	2	3
14447	1	2
14457	2	3
14458	3	2
14460	1	2
14466	2	3
14478	2	1
14483	2	1
14489	3	2
14490	3	1
14497	2	3
14502	1	2
14514	1	2
14515	2	1
14520	1	2
14526	2	3
14535	2	1
14549	3	2
14558	2	1
14575	3	2
14584	1	2
14600	2	1
14605	2	3
14606	3	2
14617	1	2
14622	3	2
14624	2	3
14625	2	3
14637	2	3
14643	2	1
14644	2	1
14645	2	1
14646	1	2
14649	1	2
14652	3	2
14660	2	1
14662	1	2
14668	2	3
14683	2	3
14700	2	3
14703	3	2
14719	1	2
14723	1	2
14754	2	1
14757	2	1
14761	2	1
14782	2	1
14794	1	2
14795	1	2
14798	2	1
14802	3	2
14803	3	2
14815	2	1
14817	1	2
14832	1	2
14833	2	1
14834	2	3
14836	3	2
14843	1	2
14849	3	2
14854	2	3
14855	3	2
14864	1	2
14865	3	2
14868	1	2
14869	1	2
14873	2	1
14890	3	2
14893	3	2
14894	3	2
14899	2	3
14928	2	3
14932	3	2
14967	1	2
14968	1	2
14969	1	2
14970	2	3
14974	1	2
14989	2	3
14992	2	3
15000	3	2
15001	2	3
15006	2	1
15009	2	1
15015	3	2
15016	3	2
15020	1	2
15023	2	1
15027	2	1
15037	1	2
15040	3	2
15056	2	3
15076	3	2
15078	2	3
15083	3	2
15084	3	2
15091	2	1
15093	3	2
15095	2	3
15099	3	2
15104	3	2
15106	3	2
15112	3	2
15124	2	3
15126	3	2
15127	3	2
15131	3	1
15133	2	1
15154	3	2
15164	3	2
15168	1	2
15171	1	2
15177	3	2
15186	2	1
15203	3	2
15217	1	2
15221	1	2
15226	1	2
15227	1	2
15234	3	2
15235	3	2
15256	1	2
15268	1	3
15269	2	3
15271	3	2
15273	2	1
15274	1	2
15278	3	2
15307	3	2
15315	1	2
15317	1	2
15319	2	1
15336	3	2
15344	1	3
15345	3	2
15365	2	1
15375	2	1
15384	2	1
15400	1	2
15402	1	2
15417	2	1
15426	2	1
15435	1	2
15439	3	2
15443	1	2
15453	2	3
15461	2	1
15462	3	2
15463	3	2
15464	3	2
15465	3	2
15466	2	3
15481	3	2
15482	2	3
15484	2	3
15486	2	3
15487	3	2
15493	2	3
15496	2	3
15498	3	2
15508	3	2
15514	3	2
15527	2	1
15532	1	2
15574	3	2
15577	3	2
15581	2	1
15588	2	3
15626	2	3
15630	3	2
15631	1	3
15632	1	2
15639	3	2
15644	1	2
15654	2	3
15655	1	2
15656	2	1
15659	3	2
15665	3	2
15673	3	2
15675	2	1
15676	1	2
15689	3	2
15713	1	2
15723	1	2
15735	1	2
15737	3	2
15741	3	2
15743	3	2
15744	3	2
15748	1	2
15754	1	2
15759	3	2
15760	2	1
15771	1	2
15791	3	2
15796	2	3
15808	3	2
15813	2	3
15819	3	2
15832	3	1
15838	1	2
15840	2	1
15846	1	2
15850	2	3
15852	3	2
15859	2	1
15863	2	1
15878	2	3
15881	1	2
15882	1	2
15904	3	2
15905	3	2
15906	3	2
15908	3	2
15909	2	3
15920	3	2
15940	2	3
15942	2	3
15969	2	3
15975	2	3
15999	2	1
16031	1	2
16032	1	2
16033	2	1
16034	3	2
16037	2	3
16041	2	1
16042	1	2
16048	2	1
16050	3	2
16052	2	1
16054	1	2
16057	3	2
16061	2	3
16070	2	1
16076	1	2
16078	1	2
16107	3	2
16121	3	2
16124	2	1
16130	2	3
16133	1	2
16144	2	1
16169	1	2
16173	3	2
16176	1	2
16185	2	1
16190	3	2
16195	2	1
16201	2	1
16212	3	2
16217	3	2
16224	2	3
16228	3	1
16229	2	3
16230	3	2
16235	1	3
16246	3	2
16250	2	3
16251	3	2
16254	2	3
16256	2	1
16261	2	1
16277	3	2
16282	3	2
16290	2	3
16294	2	1
16295	1	2
16301	3	2
16302	3	2
16305	2	1
16313	1	2
16318	1	2
16322	3	2
16332	2	3
16333	2	3
16334	2	1
16342	2	3
16345	1	2
16347	2	1
16354	2	1
16359	3	2
16362	1	2
16371	2	3
16372	3	2
16374	1	2
16375	2	1
16377	3	2
16378	3	2
16380	1	2
16383	3	2
16396	1	2
16404	3	2
16405	3	2
16435	2	3
16445	1	2
16447	1	2
16449	2	3
16453	1	2
16456	1	2
16462	3	2
16479	2	1
16486	3	2
16489	2	1
16496	3	2
16521	3	2
16546	1	2
16551	3	2
16560	3	2
16561	1	3
16580	3	2
16587	2	1
16614	3	2
16615	2	1
16625	2	3
16629	2	1
16634	1	2
16635	1	3
16638	3	2
16643	2	1
16654	2	3
16662	2	1
16669	1	2
16677	1	3
16691	3	2
16751	2	3
16765	2	3
16777	1	2
16787	1	2
16805	3	2
16809	1	2
16816	3	2
16847	3	2
16848	3	2
16851	2	1
16859	2	3
16864	3	2
16891	2	3
16894	1	2
16897	1	2
16923	2	3
16950	1	2
16952	3	2
16956	2	1
16959	2	1
16960	2	1
16965	2	3
16968	1	2
16972	3	2
16975	3	2
16980	3	2
16983	1	2
16986	3	2
16990	2	3
16994	2	1
17002	2	3
17003	2	3
17007	2	3
17013	1	2
17016	1	2
17020	2	1
17021	1	2
17026	1	2
17027	1	2
17028	2	1
17038	3	2
17044	3	2
17057	3	2
17060	2	3
17061	2	3
17080	1	2
17092	3	2
17096	2	3
17097	2	3
17098	3	2
17102	2	3
17108	2	1
17109	2	3
17111	1	2
17115	2	1
17117	1	2
17125	1	2
17130	2	3
17141	1	2
17148	1	2
17157	2	3
17163	2	3
17164	3	2
17174	2	3
17189	2	1
17199	1	2
17211	2	1
17219	3	2
17220	3	2
17226	2	1
17228	2	1
17232	3	2
17237	3	2
17238	2	3
17248	2	1
17258	1	2
17267	3	2
17274	3	2
17278	2	1
17296	1	2
17307	1	2
17329	3	2
17344	1	2
17355	2	3
17358	3	2
17374	1	2
17376	2	3
17378	2	3
17380	3	2
17391	2	1
17402	2	3
17405	2	1
17415	1	2
17423	3	2
17425	3	2
17426	3	2
17427	3	2
17429	3	2
17430	3	2
17437	2	1
17440	3	2
17447	3	2
17455	2	1
17456	1	2
17464	2	3
17474	2	3
17478	3	2
17479	2	3
17483	3	2
17486	2	3
17498	2	3
17500	3	2
17501	3	2
17502	2	3
17503	2	3
17509	1	2
17513	2	3
17521	2	1
17530	1	2
17532	2	3
17539	2	3
17545	1	2
17570	1	2
17590	2	1
17595	1	2
17596	1	2
17597	1	2
17598	2	1
17607	2	3
17611	3	2
17622	2	3
17624	2	3
17627	3	2
17629	2	3
17631	1	2
17637	3	2
17664	3	2
17677	1	2
17679	2	1
17693	3	2
17702	1	2
17708	1	2
17709	2	3
17714	3	2
17715	3	2
17723	1	2
17728	3	2
17750	2	1
17753	2	3
17757	2	1
17778	1	2
17784	2	3
17788	2	1
17804	2	3
17807	2	1
17809	2	1
17814	2	3
17815	3	2
17818	1	2
17827	3	2
17831	1	2
17842	1	2
17844	2	1
17852	2	1
17861	2	1
17869	1	2
17873	3	2
17881	2	3
17884	1	2
17887	3	2
17917	1	2
17919	2	1
17922	1	2
17929	3	2
17939	2	1
17965	2	3
17977	1	2
17978	2	1
17987	1	2
17993	2	1
17998	1	2
18028	2	3
18035	2	1
18039	2	3
18065	3	2
18066	2	3
18082	2	3
18085	2	3
18091	3	2
18096	3	2
18097	2	3
18098	3	2
18127	2	1
18132	2	1
18150	2	3
18155	3	2
18159	1	2
18164	1	2
18170	2	1
18180	2	1
18182	1	2
18183	2	1
18187	3	2
18190	2	1
18208	1	2
18209	2	1
18210	2	1
18215	1	2
18232	3	2
18239	2	3
18244	3	2
18261	2	1
18262	1	2
18270	2	3
18279	2	1
18289	2	1
18290	2	1
18293	1	2
18295	1	2
18297	2	1
18301	1	2
18303	1	2
18312	3	2
18313	2	3
18319	2	3
18327	1	2
18336	3	2
18345	1	2
18349	1	2
18394	1	2
18395	2	1
18398	1	2
18400	2	3
18401	2	1
18421	1	2
18422	1	2
18424	1	2
18430	2	3
18433	1	2
18437	3	2
18472	1	2
18485	2	3
18500	3	2
18505	3	2
18508	2	3
18527	1	3
18528	1	3
18530	1	2
18532	2	3
18534	3	2
18543	2	3
18546	1	2
18580	2	1
18583	1	2
18584	1	2
18587	1	2
18589	2	1
18592	1	2
18593	1	2
18599	3	2
18601	2	3
18610	2	3
18611	3	2
18616	2	3
18621	1	2
18624	2	1
18626	2	3
18631	2	3
18635	3	2
18637	2	3
18641	1	2
18644	1	2
18645	2	1
18646	2	3
18664	3	2
18676	3	2
18677	3	2
18682	2	1
18683	1	2
18684	1	2
18690	2	1
18691	2	1
18699	3	2
18702	1	2
18703	1	2
18705	2	1
18708	1	2
18723	3	2
18729	2	3
18730	1	3
18732	1	2
18733	1	3
18740	3	2
18742	2	3
18757	3	2
18758	2	3
18762	1	2
18779	2	1
18800	3	2
18810	3	2
18811	2	1
18831	1	2
18836	1	2
18837	2	3
18842	1	2
18853	3	2
18866	2	3
18878	1	2
18882	2	1
18883	2	1
18886	3	2
18887	2	3
18890	2	1
18891	3	2
18892	2	3
18894	3	2
18896	2	3
18899	2	1
18900	1	2
18901	1	2
18912	2	1
18913	2	1
18922	2	1
18937	2	3
18947	3	2
18951	1	2
18953	2	1
18955	1	2
18971	2	3
18974	1	2
18975	2	3
18980	1	2
18996	2	1
19009	1	2
19013	2	1
19014	2	1
19015	1	2
19020	2	1
19025	1	2
19027	3	1
19031	3	2
19039	2	1
19043	3	1
19047	2	3
19057	1	3
19069	2	1
19070	3	2
19071	3	2
19072	2	1
19073	2	1
19077	2	1
19078	1	2
19083	3	2
19089	2	1
19099	1	2
19102	3	2
19104	2	3
19112	2	3
19114	2	3
19135	2	1
19136	1	2
19141	3	2
19142	1	3
19147	3	2
19169	3	2
19171	2	3
19172	2	3
19182	3	2
19195	1	2
19201	3	2
19217	1	2
19224	2	1
19226	2	3
19228	2	3
19232	2	3
19235	2	1
19246	2	3
19250	2	3
19255	3	2
19256	2	1
19259	2	1
19260	2	1
19261	1	2
19266	2	3
19267	1	2
19269	3	2
19280	3	2
19294	1	2
19295	1	2
19296	3	2
19313	1	2
19318	2	3
19352	3	2
19358	1	2
19371	1	2
19379	3	2
19380	3	2
19383	3	2
19387	3	2
19390	3	2
19391	2	3
19400	3	2
19405	2	1
19407	2	1
19414	3	2
19419	2	1
19432	3	2
19443	1	2
19448	3	1
19449	3	2
19452	2	1
19459	2	1
19465	2	1
19477	2	3
19479	2	3
19483	3	2
19484	2	3
19500	3	2
19502	1	2
19508	3	2
19515	2	3
19521	3	2
19525	2	1
19534	1	2
19536	2	3
19544	3	2
19545	2	3
19551	1	2
19568	3	2
19571	1	2
19573	2	1
19577	3	2
19588	2	3
19589	3	2
19590	1	2
19612	1	2
19613	2	1
19615	1	2
19659	2	3
19674	2	3
19683	1	2
19687	3	2
19689	2	3
19690	3	2
19708	1	2
19717	3	2
19729	2	1
19757	2	3
19759	2	3
19760	2	1
19768	1	2
19770	2	3
19775	3	2
19781	3	2
19784	1	2
19786	1	2
19788	1	2
19794	2	3
19796	3	2
19797	2	1
19799	2	3
19803	2	3
19804	3	1
19810	3	2
19814	2	1
19815	1	2
19818	3	2
19821	2	3
19822	3	2
19831	3	2
19838	3	2
19858	2	3
19875	3	2
19877	3	2
19879	3	2
19891	3	2
19893	2	3
19899	2	1
19910	3	2
19913	2	3
19954	3	2
19958	3	2
19963	2	1
19965	1	2
19969	2	3
19970	2	3
19990	1	2
19993	2	3
20000	2	1
20016	1	2
20019	2	3
20024	2	3
20034	2	3
20041	1	2
20045	2	3
20047	2	3
20050	2	1
20056	3	2
20061	2	1
20066	2	3
20073	2	1
20074	1	2
20079	3	2
20085	2	3
20097	2	1
20098	1	2
20102	3	2
20117	3	2
20124	2	1
20127	3	2
20128	3	2
20142	3	2
20143	3	2
20146	2	3
20148	3	2
20153	1	2
20155	2	3
20156	3	2
20158	3	2
20159	3	2
20172	2	3
20190	1	2
20198	3	2
20225	2	1
20226	1	2
20237	2	1
20239	3	2
20240	3	2
20249	3	2
20260	1	2
20269	1	2
20270	2	3
20272	1	2
20274	3	2
20285	3	2
20286	3	2
20289	2	3
20292	3	2
20298	2	3
20308	1	2
20316	1	2
20319	2	3
20329	1	2
20344	2	1
20345	1	2
20355	2	3
20359	1	3
20411	3	2
20414	1	2
20433	2	3
20440	3	2
20442	2	3
20446	2	1
20447	1	2
20455	1	2
20464	1	2
20468	1	2
20471	1	2
20482	1	2
20484	1	2
20487	1	2
20497	1	2
20498	2	1
20508	1	2
20511	1	2
20512	2	1
20517	1	2
20518	2	1
20522	2	3
20525	2	1
20530	1	2
20539	3	2
20542	3	2
20545	2	1
20546	1	2
20559	3	1
20567	2	1
20583	3	2
20584	3	2
20588	2	3
20598	2	3
20606	2	3
20610	1	2
20613	2	1
20617	2	1
20619	2	1
20628	1	2
20629	1	2
20637	2	1
20647	1	2
20660	1	2
20661	2	1
20663	2	1
20665	1	2
20667	3	2
20680	1	2
20681	1	2
20712	2	3
20719	3	2
20722	3	2
20730	1	2
20731	1	2
20733	2	3
20736	2	3
20739	2	3
20740	2	3
20747	3	2
20750	3	2
20764	2	1
20779	1	2
20785	3	2
20789	2	1
20793	3	2
20798	1	2
20815	2	3
20830	2	1
20837	1	2
20838	1	2
20843	2	3
20845	3	2
20861	2	1
20868	1	3
20873	1	2
20885	2	1
20896	1	2
20898	2	1
20917	1	2
20925	3	2
20927	3	2
20929	1	2
20933	2	1
20938	3	2
20941	3	2
20943	3	2
20948	2	3
20949	2	1
20959	1	2
20976	1	2
20977	3	2
20979	3	2
20980	2	3
20981	3	2
20997	3	2
20998	3	2
21000	1	2
21013	2	3
21017	3	2
21020	3	1
21026	3	2
21027	1	3
21043	1	2
21051	3	2
21055	3	2
21056	2	3
21059	3	2
21065	3	2
21080	2	1
21086	2	1
21088	1	2
21090	2	3
21091	2	3
21094	1	2
21096	1	2
21097	3	2
21109	2	3
21113	3	2
21123	1	2
21130	2	3
21132	2	3
21133	2	3
21150	3	2
21152	2	3
21155	3	2
21170	2	1
21175	2	3
21181	3	2
21197	3	2
21198	2	3
21200	1	2
21211	2	3
21216	1	2
21217	2	3
21229	1	2
21241	2	1
21245	2	1
21248	1	2
21251	1	2
21257	3	2
21259	1	2
21264	2	3
21265	1	2
21267	2	3
21281	2	3
21317	2	1
21324	2	1
21325	2	1
21336	1	2
21339	2	3
21353	2	1
21355	3	2
21367	2	1
21380	1	2
21389	2	1
21395	3	2
21433	2	3
21435	2	3
21436	2	3
21442	1	2
21446	2	1
21457	3	2
21462	2	1
21463	1	2
21464	1	2
21467	1	2
21468	3	2
21469	3	2
21473	2	1
21479	2	3
21480	2	3
21481	2	3
21486	2	1
21494	1	2
21496	2	3
21501	2	3
21502	1	2
21503	2	3
21504	2	1
21509	2	3
21513	2	3
21514	3	2
21533	2	3
21534	2	3
21544	1	2
21549	1	2
21565	2	3
21567	3	2
21596	3	2
21601	1	2
21604	1	2
21607	1	2
21608	2	1
21622	2	3
21629	1	2
21633	2	1
21634	1	2
21638	2	1
21642	2	1
21655	1	2
21656	2	1
21658	3	2
21660	3	2
21676	2	3
21678	1	2
21680	1	2
21681	1	2
21683	1	2
21686	2	3
21691	3	2
21693	3	2
21696	2	3
21706	1	2
21718	2	1
21719	2	1
21742	1	2
21745	1	2
21749	2	1
21752	1	2
21762	2	3
21768	2	1
21770	1	2
21777	1	2
21781	3	2
21790	3	2
21791	2	3
21815	2	3
21816	3	2
21826	3	2
21861	2	3
21866	2	3
21870	2	3
21873	2	1
21878	3	2
21889	2	1
21890	3	2
21891	3	2
21894	3	2
21903	2	1
21906	1	2
21925	1	2
21951	3	2
21952	3	2
21961	1	2
21963	2	1
21964	3	2
21978	2	1
21987	3	1
21990	3	2
21991	2	3
21996	3	2
21997	2	3
22009	2	1
22017	2	1
22018	2	1
22019	2	1
22021	1	2
22029	3	1
22032	2	3
22033	3	2
22034	2	3
22036	2	3
22043	1	2
22044	2	1
22048	2	3
22053	2	3
22056	3	2
22071	2	3
22072	1	2
22079	3	1
22088	2	3
22089	3	2
22090	2	1
22105	1	2
22118	3	2
22132	1	2
22134	3	2
22151	1	2
22167	1	2
22179	3	2
22183	3	2
22184	3	2
22188	1	2
22196	2	3
22201	3	2
22202	2	3
22214	1	2
22219	2	1
22223	2	3
22231	3	2
22247	3	2
22255	1	2
22267	2	1
22268	1	2
22273	1	2
22275	3	2
22276	3	2
22279	1	3
22280	3	1
22285	3	2
22287	3	2
22288	3	2
22289	2	3
22290	2	3
22317	2	3
22318	2	3
22319	2	3
22326	2	3
22336	3	2
22338	3	2
22366	2	1
22369	3	2
22370	2	3
22372	1	2
22375	1	2
22377	1	2
22408	2	3
22415	2	1
22423	2	1
22441	1	2
22442	1	2
22443	1	3
22444	2	1
22445	3	2
22454	2	3
22459	2	3
22460	3	2
22465	1	2
22473	3	2
22492	1	2
22498	1	2
22504	3	2
22506	3	2
22508	2	3
22510	2	3
22516	2	1
22517	1	2
22520	3	2
22530	2	1
22540	3	2
22544	2	3
22547	2	3
22549	3	2
22550	3	2
22551	3	2
22556	2	1
22557	2	3
22561	3	2
22563	3	2
22568	2	3
22570	2	1
22581	2	1
22597	2	1
22598	1	2
22607	1	2
22615	2	3
22617	2	1
22621	1	2
22622	1	2
22624	1	2
22628	2	1
22631	2	3
22638	2	1
22645	2	3
22647	3	2
22652	2	1
22662	1	2
22663	3	2
22664	2	3
22668	2	1
22669	1	2
22681	1	2
22687	3	2
22693	2	1
22705	2	3
22708	2	3
22723	3	2
22729	3	2
22731	1	2
22754	1	2
22760	3	2
22762	3	2
22763	3	2
22767	1	2
22768	1	2
22774	1	2
22778	2	1
22780	1	2
22794	1	2
22799	2	3
22802	1	2
22804	3	2
22808	1	3
22811	1	2
22812	1	2
22823	1	2
22842	1	2
22861	2	1
22863	1	2
22864	2	3
22866	1	2
22870	3	2
22874	2	1
22875	2	1
22877	2	3
22879	1	2
22885	2	1
22898	2	1
22899	1	2
22904	2	3
22916	3	2
22925	2	1
22926	1	2
22938	2	1
22954	1	2
22955	1	2
22956	1	2
22961	2	3
22967	2	1
22977	1	2
22980	1	2
22982	2	3
22993	2	1
23000	1	2
23006	1	2
23008	1	2
23032	3	2
23033	2	3
23038	3	2
23039	3	2
23053	3	2
23055	3	2
23057	2	3
23059	2	1
23068	1	2
23073	1	2
23078	1	2
23081	1	2
23082	2	1
23094	3	2
23095	2	1
23101	2	1
23105	1	2
23111	2	3
23112	3	2
23125	3	2
23127	1	2
23129	2	3
23139	3	2
23142	3	2
23144	2	3
23152	2	3
23156	2	3
23172	2	3
23174	3	2
23183	3	2
23190	1	2
23193	1	2
23196	1	2
23197	1	2
23201	1	2
23204	1	2
23211	1	2
23225	3	2
23227	2	3
23229	3	2
23232	2	3
23244	2	1
23246	2	3
23248	2	1
23264	1	2
23272	2	1
23273	3	2
23297	2	1
23299	3	2
23300	3	2
23302	3	2
23306	1	2
23310	1	2
23317	3	2
23318	2	3
23319	2	1
23322	2	1
23328	3	2
23331	2	3
23333	2	3
23334	1	2
23349	3	2
23369	1	2
23374	1	2
23375	2	1
23381	2	3
23390	1	2
23393	2	1
23405	1	2
23406	2	1
23421	2	3
23428	3	2
23430	2	3
23440	2	3
23444	1	2
23445	1	2
23448	2	3
23457	2	3
23461	1	2
23463	1	2
23467	1	2
23468	2	1
23480	1	2
23481	2	1
23489	1	2
23514	2	3
23517	2	1
23523	3	2
23531	3	2
23534	1	2
23540	3	2
23549	2	3
23556	1	2
23594	3	2
23626	1	2
23632	2	3
23633	3	2
23640	2	3
23641	3	2
23649	1	2
23657	3	2
23669	1	2
23676	3	2
23679	2	1
23688	2	3
23690	2	1
23691	2	3
23692	3	1
23697	1	2
23700	2	3
23702	1	2
23710	1	2
23713	3	1
23732	2	3
23737	3	2
23738	3	2
23744	2	3
23759	2	1
23767	1	2
23768	1	2
23775	2	3
23783	3	2
23792	1	2
23809	3	2
23810	3	2
23812	2	3
23814	3	2
23816	3	2
23819	1	2
23822	2	1
23833	1	2
23836	2	3
23843	2	1
23847	3	2
23848	3	2
23856	3	2
23866	1	2
23868	2	1
23869	3	2
23873	2	3
23884	3	2
23886	3	2
23890	2	1
23910	2	1
23917	2	3
23920	2	3
23921	3	2
23922	3	2
23925	2	3
23930	1	2
23937	1	2
23944	1	2
23947	1	2
23950	1	2
23952	1	2
23954	3	2
23956	1	2
23964	3	2
23974	2	1
23980	2	3
23982	3	2
23990	1	3
23991	3	2
24001	2	1
24004	2	1
24006	1	2
24007	1	2
24011	1	2
24031	1	2
24040	3	2
24043	2	3
24044	1	2
24045	2	1
24055	2	1
24061	3	2
24069	2	3
24083	3	2
24084	1	2
24091	3	2
24094	2	3
24100	3	2
24108	3	2
24117	3	2
24120	3	2
24122	1	2
24123	1	2
24130	2	1
24132	2	1
24133	3	2
24160	2	3
24168	1	2
24169	1	2
24175	2	3
24186	2	3
24189	2	3
24190	3	2
24214	2	3
24231	2	1
24235	2	1
24240	3	2
24246	1	2
24249	1	2
24256	1	2
24257	1	2
24259	1	2
24260	1	2
24261	3	2
24265	3	2
24269	3	2
24274	2	3
24278	2	3
24280	3	2
24281	3	2
24295	3	2
24296	1	2
24305	2	3
24308	2	1
24319	1	2
24324	2	3
24326	3	2
24332	1	2
24339	1	2
24342	1	3
24357	1	2
24358	3	2
24359	2	3
24361	1	2
24362	1	2
24368	3	2
24384	2	1
24385	2	3
24393	1	2
24399	2	1
24410	2	1
24412	1	2
24422	2	1
24440	3	2
24453	1	2
24454	1	2
24463	1	2
24470	3	2
24472	3	2
24478	1	2
24480	2	1
24481	3	1
24492	2	1
24493	2	1
24494	1	2
24495	2	1
24501	1	2
24520	2	3
24541	3	2
24543	1	2
24551	2	3
24552	2	3
24553	2	3
24557	2	3
24558	3	2
24563	1	2
24565	2	1
24591	2	1
24601	1	3
24603	3	1
24606	3	1
24607	3	2
24610	2	3
24622	2	3
24633	2	3
24647	1	2
24664	3	2
24670	2	3
24682	3	2
24684	3	2
24697	3	2
24710	1	2
24729	1	2
24730	1	2
24736	3	2
24739	2	3
24748	1	2
24750	2	3
24757	1	2
24759	2	1
24765	1	2
24767	2	3
24773	3	2
24788	1	2
24790	1	2
24792	2	1
24800	2	3
24802	2	3
24808	3	2
24815	2	3
24818	3	2
24819	3	2
24827	2	3
24838	3	2
24841	1	2
24852	3	2
24856	3	1
24857	2	3
24862	1	2
24863	2	1
24871	1	2
24881	2	1
24886	1	2
24893	3	2
24901	2	1
24931	1	2
24933	1	2
24935	2	1
24943	1	2
24949	3	2
24952	2	3
24965	3	2
24970	1	2
24981	2	1
24983	1	2
24998	2	3
25001	2	3
25021	2	1
25024	1	2
25026	2	3
25027	3	2
25028	3	2
25030	1	2
25035	2	1
25038	1	2
25042	3	2
25061	3	2
25064	2	3
25065	3	2
25075	2	3
25080	2	3
25083	1	3
25102	2	1
25105	3	2
25110	1	2
25111	1	2
25115	2	1
25117	2	1
25119	3	2
25121	3	2
25126	3	2
25129	3	2
25139	2	3
25148	1	2
25153	2	1
25159	2	1
25164	2	3
25165	3	2
25170	3	2
25171	2	3
25176	2	1
25189	3	2
25201	2	1
25206	2	3
25207	2	3
25222	1	2
25239	3	2
25263	3	1
25270	3	2
25278	3	2
25279	2	3
25291	1	2
25310	2	1
25327	3	2
25333	2	3
25367	2	3
25368	3	2
25373	3	2
25380	2	1
25390	3	2
25392	2	3
25393	2	3
25395	2	3
25398	2	1
25401	2	1
25403	2	1
25404	2	3
25406	3	2
25416	2	3
25447	1	2
25450	2	1
25460	2	1
25467	3	2
25468	1	3
25469	2	1
25478	1	3
25481	2	1
25482	2	1
25486	3	2
25499	2	3
25500	3	2
25503	2	3
25506	2	3
25507	1	2
25512	3	2
25529	1	2
25533	2	1
25548	2	1
25558	3	2
25563	3	2
25566	2	3
25567	3	2
25569	1	2
25571	2	3
25584	1	2
25586	2	1
25589	1	2
25594	2	3
25603	2	1
25614	3	2
25617	3	2
25641	1	2
25651	2	1
25653	2	1
25654	2	1
25666	3	2
25669	3	2
25671	3	2
25677	2	3
25685	3	2
25689	3	2
25690	2	1
25691	1	2
25692	1	2
25695	1	2
25698	1	2
25699	1	2
25702	3	2
25708	3	2
25733	3	2
25736	2	3
25747	2	3
25749	3	2
25751	3	2
25754	2	1
25758	3	2
25761	2	1
25763	2	1
25764	2	3
25767	2	3
25768	3	2
25778	3	2
25781	3	2
25782	2	1
25793	1	2
25794	2	1
25802	3	2
25803	3	2
25805	2	1
25808	1	2
25814	1	2
25822	3	2
25827	1	2
25830	1	2
25836	1	2
25837	1	2
25840	3	2
25842	1	3
25843	2	3
25854	1	2
25855	3	2
25858	1	2
25866	2	3
25868	3	2
25869	2	3
25888	3	2
25899	3	2
25900	3	2
25902	2	3
25913	2	1
25927	1	2
25940	2	1
25942	1	2
25951	2	1
25952	2	3
25955	3	2
25956	3	2
25979	2	1
25990	3	2
25992	1	2
25995	3	2
26000	2	1
26012	2	3
26027	2	1
26033	2	1
26037	3	2
26050	2	1
26052	2	1
26057	2	1
26058	2	1
26059	1	2
26060	2	1
26068	1	2
26081	1	2
26086	2	1
26087	2	3
26090	1	2
26115	2	3
26127	1	2
26137	1	2
26142	3	2
26144	2	3
26145	2	1
26155	2	3
26161	2	3
26163	2	3
26165	2	1
26169	2	1
26172	3	2
26175	2	3
26186	2	3
26187	2	1
26209	2	1
26210	2	1
26254	2	3
26255	3	2
26258	1	2
26259	2	3
26260	2	3
26275	3	1
26286	2	3
26311	3	2
26332	2	3
26333	3	2
26335	2	3
26340	3	2
26341	3	2
26347	1	2
26360	2	1
26364	3	2
26370	1	2
26377	2	3
26415	1	2
26424	1	2
26429	2	1
26434	1	2
26446	2	1
26449	3	2
26452	3	2
26453	3	2
26458	2	1
26466	3	2
26472	3	2
26478	2	1
26480	3	2
26481	2	3
26485	3	2
26486	2	3
26489	1	2
26497	2	1
26503	2	1
26520	2	3
26521	1	2
26524	2	3
26525	3	2
26531	2	3
26534	3	2
26535	3	2
26537	2	3
26548	2	3
26549	3	2
26554	3	2
26557	3	2
26560	1	2
26561	1	2
26563	3	2
26564	2	3
26584	2	3
26595	1	2
26597	1	2
26601	1	2
26602	3	2
26611	3	2
26612	1	2
26619	3	2
26622	2	3
26630	3	2
26633	1	2
26637	2	1
26638	1	2
26639	2	1
26656	3	2
26666	2	3
26674	2	1
26696	2	3
26709	2	3
26717	2	3
26723	2	3
26725	3	2
26752	2	3
26755	2	1
26764	2	1
26765	1	2
26774	1	2
26777	3	2
26779	1	3
26780	1	2
26798	3	2
26800	1	2
26810	2	3
26817	2	3
26822	3	2
26824	2	1
26825	1	2
26827	2	1
26830	2	1
26840	2	3
26858	3	2
26868	3	2
26869	3	2
26873	3	2
26875	3	2
26879	1	2
26886	3	2
26887	3	2
26901	3	2
26904	3	2
26905	3	2
26907	2	3
26908	3	2
26915	2	1
26920	1	3
26933	1	2
26934	2	1
26935	1	2
26936	3	2
26941	1	2
26948	1	2
26964	1	2
26965	2	3
26978	2	1
26985	2	1
26990	1	2
26993	1	2
26999	1	2
27018	2	1
27021	2	3
27023	1	2
27027	2	3
27028	2	3
27033	1	2
27038	1	2
27047	2	1
27050	1	2
27053	2	1
27073	2	3
27083	1	2
27095	1	2
27100	2	1
27101	1	2
27111	3	2
27113	3	2
27114	3	2
27120	1	2
27121	2	1
27122	2	1
27131	3	2
27133	3	2
27134	1	2
27138	1	2
27140	1	2
27149	2	1
27154	2	3
27160	2	3
27167	2	3
27179	1	2
27186	1	2
27190	2	1
27196	2	3
27199	3	2
27203	2	1
27206	2	1
27207	2	3
27213	1	2
27225	3	2
27233	3	2
27234	1	2
27254	2	3
27272	1	2
27273	1	2
27275	1	2
27283	2	3
27289	3	2
27295	3	2
27300	2	3
27319	2	3
27327	3	2
27330	3	2
27342	3	2
27344	3	2
27348	1	2
27350	2	3
27357	2	3
27358	3	2
27369	3	2
27406	2	3
27410	3	2
27412	2	3
27426	2	1
27427	2	3
27429	3	2
27430	3	2
27438	3	2
27443	1	2
27446	2	1
27449	2	1
27458	2	3
27463	2	1
27472	1	2
27476	3	2
27477	2	3
27486	1	2
27489	2	1
27499	1	2
27506	3	2
27513	1	2
27521	3	2
27526	2	3
27534	1	2
27544	2	3
27552	3	2
27554	1	2
27563	2	1
27565	1	2
27568	2	1
27571	1	2
27587	2	3
27589	2	1
27593	1	2
27598	2	1
27603	1	2
27604	1	2
27609	1	2
27610	2	1
27614	1	2
27619	2	3
27620	2	3
27624	2	1
27631	3	2
27633	2	3
27635	1	2
27657	1	2
27661	2	3
27662	2	3
27676	2	3
27680	3	2
27685	3	2
27686	1	2
27694	2	3
27697	3	2
27702	1	2
27704	3	1
27709	3	2
27720	2	1
27734	2	3
27740	2	1
27747	2	3
27754	3	2
27756	2	1
27757	2	1
27761	2	3
27771	3	2
27783	2	1
27784	2	1
27787	2	3
27793	3	2
27812	1	2
27815	2	1
27819	2	1
27826	3	2
27841	1	2
27852	2	3
27855	2	1
27857	3	1
27860	2	3
27862	3	2
27864	3	1
27874	3	2
27875	2	3
27891	2	1
27893	3	2
27899	1	2
27900	3	2
27914	3	2
27915	3	2
27916	2	3
27917	3	2
27921	2	3
27922	3	2
27924	2	3
27925	2	3
27936	3	2
27940	2	3
27952	1	2
27961	1	2
27963	1	2
27971	3	2
27973	2	3
27977	2	3
27978	2	3
27979	1	2
27980	1	2
27982	1	2
27999	1	3
28001	1	2
28002	2	3
28003	3	2
28004	3	2
28005	2	3
28012	2	3
28014	3	2
28019	3	2
28020	2	3
28021	3	2
28026	2	1
28029	2	3
28030	3	2
28051	2	3
28059	2	1
28060	2	1
28070	1	2
28079	1	2
28086	1	2
28090	2	1
28091	3	2
28104	3	2
28107	3	2
28111	2	3
28114	2	1
28116	1	2
28127	2	1
28129	1	2
28141	3	2
28146	2	3
28149	3	2
28160	1	2
28163	2	1
28164	1	2
28170	2	3
28185	2	1
28186	2	3
28189	1	2
28193	3	2
28210	3	2
28212	3	2
28213	2	3
28216	2	1
28228	2	3
28233	2	3
28241	2	1
28259	1	3
28271	1	2
28277	3	2
28285	3	2
28293	2	3
28300	2	3
28303	2	1
28306	2	1
28307	1	3
28312	2	1
28314	1	2
28318	2	1
28319	1	3
28320	1	3
28322	2	3
28323	1	2
28324	1	2
28334	2	3
28335	3	2
28346	2	1
28348	1	2
28354	3	2
28356	3	2
28360	1	2
28366	1	2
28373	2	3
28376	1	2
28379	1	2
28381	1	2
28396	2	1
28402	2	1
28406	2	1
28407	2	1
28411	3	2
28416	1	2
28428	2	1
28432	3	2
28435	3	2
28438	2	3
28456	2	3
28488	3	2
28497	3	2
28499	1	2
28502	3	2
28506	2	1
28509	1	2
28511	3	2
28515	2	1
28527	1	2
28528	2	1
28530	3	2
28533	2	3
28534	1	2
28552	2	3
28557	3	2
28571	2	3
28599	1	2
28601	2	1
28604	3	1
28610	2	3
28612	1	2
28621	3	1
28622	2	3
28633	2	3
28635	2	1
28645	2	3
28647	1	2
28648	3	2
28665	2	1
28666	1	2
28679	2	3
28680	3	2
28681	1	2
28698	3	2
28711	1	2
28726	3	2
28730	2	1
28731	3	2
28733	1	2
28738	3	2
28739	2	1
28743	2	1
28745	2	3
28746	2	3
28751	1	3
28754	2	3
28764	1	2
28766	1	3
28776	3	2
28777	3	1
28778	2	1
28807	2	3
28808	1	3
28817	3	2
28818	2	1
28819	1	2
28825	2	1
28826	2	1
28829	2	3
28830	3	2
28831	2	1
28833	2	1
28834	1	3
28845	1	2
28851	3	2
28857	2	1
28858	1	2
28865	3	2
28888	1	2
28891	1	2
28892	2	1
28893	1	2
28894	2	1
28921	3	2
28922	2	3
28923	3	2
28929	1	2
28934	2	1
28943	1	2
28972	2	3
29000	1	2
29007	2	3
29011	2	1
29014	3	2
29015	2	3
29016	2	1
29028	1	2
29040	1	2
29042	2	1
29047	3	2
29048	2	3
29057	3	2
29059	2	1
29060	3	2
29067	3	2
29068	2	1
29071	2	1
29072	2	1
29073	2	3
29084	3	2
29088	2	3
29091	3	2
29093	1	2
29101	3	2
29102	3	2
29108	3	2
29110	2	1
29135	2	3
29138	3	2
29155	2	1
29156	2	1
29162	1	2
29169	2	3
29170	2	3
29174	1	2
29179	1	2
29207	2	3
29210	2	3
29214	3	2
29237	3	2
29240	3	2
29276	3	2
29305	1	2
29319	2	1
29321	2	1
29322	1	2
29333	1	2
29334	1	2
29346	1	2
29347	1	2
29351	2	1
29353	1	2
29381	2	3
29407	3	2
29408	3	2
29416	2	1
29422	2	3
29426	3	2
29428	3	2
29456	1	2
29457	1	2
29460	1	2
29461	2	1
29468	2	3
29491	2	3
29495	2	3
29505	3	2
29514	2	3
29516	3	2
29522	2	3
29523	3	2
29524	3	2
29526	3	2
29536	2	3
29537	2	3
29539	1	2
29547	2	1
29555	1	2
29558	1	2
29576	1	2
29577	1	2
29582	3	2
29588	1	2
29596	2	1
29597	2	1
29599	2	1
29605	2	3
29627	2	1
29629	3	2
29649	2	1
29661	1	2
29669	3	2
29670	3	2
29678	2	3
29686	1	2
29692	1	2
29693	2	1
29699	1	2
29700	1	2
29716	3	2
29717	1	2
29718	2	1
29734	2	3
29741	2	1
29744	1	2
29746	3	2
29752	3	2
29755	3	2
29762	2	1
29765	1	2
29767	2	3
29768	3	2
29770	1	2
29777	1	2
29778	3	2
29793	1	2
29803	2	1
29805	1	2
29832	1	2
29865	3	2
29866	3	2
29867	3	2
29868	3	2
29870	3	1
29878	3	2
29880	2	1
29885	1	2
29895	3	2
29896	2	3
29897	3	2
29908	2	1
29913	1	2
29918	2	1
29921	1	2
29929	2	3
29936	3	2
29966	2	1
29988	3	2
30006	2	3
30010	2	1
30011	3	2
30012	3	2
30013	2	3
30015	3	2
30020	2	3
30025	1	2
30031	3	2
30035	3	2
30038	2	3
30054	2	3
30057	3	2
30063	2	1
30064	3	2
30071	1	2
30087	1	2
30090	2	1
30091	3	2
30104	3	1
30105	1	2
30111	1	2
30118	3	2
30120	2	1
30124	1	2
30131	1	2
30132	2	1
30136	2	3
30148	2	3
30149	3	2
30165	1	2
30169	3	2
30171	2	3
30174	3	1
30187	2	3
30189	2	3
30201	2	3
30207	3	2
30212	2	3
30220	3	2
30230	2	3
30233	3	2
30237	2	3
30239	2	3
30254	3	2
30258	3	2
30286	1	2
30288	1	2
30302	1	2
30303	3	2
30304	2	3
30311	2	1
30316	2	1
30318	3	2
30321	3	2
30323	2	1
30325	1	2
30331	2	3
30349	3	2
30358	2	3
30362	3	2
30371	3	2
30373	3	2
30377	1	2
30391	2	3
30394	1	2
30395	2	1
30399	3	2
30401	3	2
30411	2	1
30422	2	3
30425	2	1
30438	2	1
30456	1	2
30470	1	2
30483	3	2
30486	3	2
30491	3	2
30494	3	2
30495	2	3
30502	2	3
30517	2	3
30518	3	2
30526	1	2
30542	2	1
30578	2	3
30585	2	1
30586	2	3
30588	3	2
30592	3	1
30602	3	2
30616	1	2
30620	1	2
30621	1	2
30622	1	2
30626	1	2
30642	1	2
30656	2	1
30666	3	2
30667	2	3
30675	2	3
30678	3	2
30686	1	2
30709	3	2
30725	2	3
30731	1	2
30734	2	1
30743	2	1
30758	2	1
30778	2	1
30782	3	2
30785	1	2
30809	3	2
30825	1	2
30827	1	2
30836	2	1
30847	2	3
30853	3	2
30854	3	2
30859	2	3
30860	2	3
30865	3	2
30867	2	1
30881	3	2
30882	1	3
30883	2	3
30884	3	2
30888	1	2
30896	2	3
30899	1	2
30909	2	1
30911	1	2
30913	3	2
30914	2	3
30915	3	2
30921	3	2
30938	1	2
30943	3	2
30945	3	2
30949	3	2
30951	2	1
30959	2	1
30960	2	3
30961	2	3
30963	2	3
30977	3	2
30985	3	2
30986	3	2
31015	3	2
31016	2	1
31017	2	1
31018	2	3
31021	3	2
31023	2	1
31029	1	2
31030	1	2
31041	1	2
31048	2	1
31061	2	1
31064	2	1
31078	3	2
31079	3	2
31085	1	2
31086	1	2
31098	2	1
31102	2	3
31131	2	1
31132	2	3
31139	2	3
31140	3	2
31143	2	3
31150	1	2
31160	2	3
31161	2	3
31174	2	1
31175	1	2
31176	2	3
31177	2	3
31200	2	3
31203	2	3
31240	3	2
31246	2	1
31255	1	2
31267	2	1
31268	2	1
31275	1	2
31276	2	1
31279	1	2
31284	1	2
31288	2	1
31306	2	3
31311	3	2
31314	2	1
31328	2	1
31335	1	2
31336	2	3
31337	3	2
31339	2	1
31347	3	1
31355	2	3
31372	3	2
31375	2	1
31381	1	2
31388	3	2
31394	3	2
31396	2	1
31398	2	1
31401	1	2
31403	1	2
31408	3	2
31409	2	3
31428	2	3
31439	2	3
31444	2	1
31461	3	2
31468	1	2
31472	3	2
31474	2	3
31477	1	2
31478	1	2
31479	2	1
31491	2	1
31494	2	1
31509	2	1
31528	1	2
31556	1	2
31561	2	3
31562	1	2
31584	2	1
31591	2	1
31603	1	2
31616	1	2
31617	2	1
31621	2	1
31626	1	2
31629	2	3
31632	2	3
31633	2	3
31634	1	2
31639	2	1
31640	1	2
31655	2	3
31658	3	2
31659	2	3
31661	3	2
31664	3	2
31665	2	3
31666	2	3
31667	2	3
31668	1	2
31670	1	2
31671	2	3
31672	3	2
31678	3	2
31680	2	3
31687	2	3
31689	2	3
31696	3	2
31698	2	1
31704	2	3
31705	2	3
31716	3	2
31717	3	2
31746	2	3
31751	3	2
31752	1	2
31753	1	2
31754	3	1
31759	2	1
31774	2	3
31780	1	2
31807	2	3
31808	3	2
31810	2	1
31824	2	3
31826	2	1
31827	2	3
31828	3	2
31845	2	1
31846	1	2
31850	3	2
31851	3	2
31861	2	1
31876	1	2
31879	2	3
31895	1	2
31901	2	3
31904	3	2
31909	1	2
31911	2	1
31912	1	2
31914	2	3
31917	3	2
31918	3	2
31930	1	2
31934	3	2
31940	1	2
31942	1	2
31944	2	1
31950	1	2
31959	2	3
31967	3	2
31970	3	2
31977	3	2
31986	2	3
31991	1	2
31999	1	2
32002	2	3
32004	3	2
32005	2	1
32006	1	2
32007	3	2
32008	2	3
32010	3	2
32011	2	3
32016	2	3
32023	3	2
32036	2	3
32038	3	2
32049	2	3
32054	1	2
32075	2	3
32092	2	1
32115	2	3
32124	2	3
32131	2	3
32146	2	3
32147	1	2
32169	3	2
32170	3	2
32171	1	2
32195	1	3
32201	1	2
32209	2	3
32213	1	2
32221	2	3
32222	3	2
32229	3	2
32232	3	2
32233	2	3
32234	3	2
32255	2	3
32261	2	3
32265	3	2
32271	2	1
32273	2	1
32278	2	1
32281	1	2
32283	1	2
32284	3	2
32292	2	1
32301	2	3
32328	2	3
32333	2	3
32349	3	2
32353	3	2
32357	3	2
32358	3	2
32377	2	3
32392	2	3
32404	3	2
32405	3	2
32408	2	1
32414	1	2
32427	1	2
32432	1	2
32438	2	1
32441	1	2
32446	2	3
32449	1	2
32452	3	2
32454	1	2
32458	3	2
32459	3	2
32462	1	2
32466	3	2
32470	2	1
32480	3	2
32492	3	2
32509	2	3
32511	2	3
32512	2	3
32520	3	2
32523	3	2
32529	2	1
32531	3	2
32532	3	1
32534	2	1
32535	3	2
32558	2	1
32564	3	2
32571	2	3
32572	3	1
32575	2	1
32583	3	2
32584	2	3
32588	3	2
32594	1	2
32595	3	2
32596	3	2
32597	3	2
32603	1	2
32606	1	2
32624	3	2
32634	3	2
32646	2	3
32647	2	3
32653	2	3
32656	2	1
32657	2	1
32661	2	1
32669	3	2
32680	2	3
32685	2	3
32686	3	2
32693	2	3
32710	1	2
32712	1	2
32715	2	3
32720	2	3
32733	1	2
32750	2	3
32752	3	2
32754	2	1
32759	3	2
32764	2	1
32768	3	2
32814	3	2
32821	2	3
32838	1	2
32839	1	2
32845	3	2
32849	3	2
32853	1	2
32858	2	3
32892	1	2
32897	2	1
32910	2	3
32913	3	2
32915	3	2
32925	2	1
32928	2	1
32932	2	1
32935	1	2
32945	3	2
32946	2	3
32948	2	3
32951	3	2
32952	3	2
32955	3	1
32958	1	2
32959	1	2
32961	2	1
32965	2	3
32968	2	1
32979	2	1
32986	1	2
32989	2	3
32991	2	1
32994	1	2
33001	3	2
33012	2	3
33020	2	3
33026	2	1
33030	3	2
33031	2	3
33036	3	2
33040	2	3
33042	2	1
33046	2	3
33047	2	1
33064	3	2
33065	3	2
33067	2	3
33080	2	3
33082	2	3
33084	1	2
33087	1	2
33088	2	1
33092	1	2
33105	3	2
33108	1	2
33110	2	1
33112	2	3
33126	2	3
33151	2	3
33153	1	3
33172	1	2
33180	1	2
33182	2	3
33201	3	2
33204	3	2
33220	2	3
33242	2	3
33244	2	3
33245	3	2
33247	2	1
33248	1	2
33252	2	3
33260	1	2
33277	3	2
33278	3	2
33292	2	1
33297	2	1
33304	2	1
33313	2	3
33323	3	2
33327	1	2
33330	3	2
33340	3	2
33346	3	2
33348	2	3
33360	2	1
33376	2	1
33389	3	2
33392	3	2
33403	3	2
33408	2	1
33412	2	1
33414	2	1
33416	3	2
33418	1	2
33427	3	2
33428	2	3
33432	3	2
33433	2	3
33441	2	1
33442	1	2
33453	1	2
33473	1	2
33483	2	3
33490	2	1
33491	3	2
33510	3	2
33513	2	3
33517	3	2
33527	3	2
33574	2	3
33592	2	3
33593	3	2
33594	1	2
33595	1	2
33598	1	2
33599	2	1
33600	3	2
33613	2	3
33617	2	1
33621	1	2
33623	2	1
33625	2	3
33639	2	3
33642	3	2
33645	2	1
33653	1	2
33660	2	3
33663	2	3
33669	2	3
33679	2	1
33682	1	2
33690	2	3
33691	1	2
33692	2	1
33693	2	1
33701	3	2
33716	2	3
33730	3	2
33738	3	2
33749	3	2
33759	2	1
33760	2	1
33762	1	2
33763	2	1
33777	1	2
33782	3	2
33783	1	2
33790	1	2
33792	1	2
33793	1	2
33794	1	2
33795	1	2
33802	2	1
33804	2	3
33806	3	2
33807	3	2
33814	2	1
33827	1	2
33831	3	2
33834	2	1
33842	1	3
33844	3	2
33845	3	2
33847	2	3
33849	2	1
33855	3	2
33856	2	3
33858	3	2
33861	2	3
33863	3	2
33872	2	3
33878	1	2
33880	2	1
33881	2	1
33882	1	2
33884	2	3
33887	2	3
33889	3	2
33913	1	2
33914	2	1
33919	3	2
33924	1	2
33928	3	2
33934	1	2
33945	2	1
33954	2	3
33958	1	2
33961	2	3
33962	2	3
33966	2	1
33967	1	2
33968	1	3
33971	2	3
33975	3	2
33979	1	3
33987	2	3
33998	2	1
34009	2	3
34013	3	2
34027	2	1
34037	1	3
34042	1	2
34058	2	1
34060	2	3
34063	3	2
34075	3	2
34077	1	2
34083	3	2
34089	3	2
34090	2	3
34091	2	3
34096	3	2
34099	1	2
34102	1	3
34106	3	1
34110	2	1
34112	1	2
34114	1	2
34116	1	2
34119	2	3
34127	2	1
34131	1	2
34139	1	2
34146	2	1
34150	2	1
34151	1	2
34167	1	2
34169	2	1
34172	2	1
34180	1	2
34186	1	2
34195	2	3
34213	2	1
34223	1	2
34234	2	3
34235	3	2
34236	2	1
34238	2	1
34244	2	3
34245	2	3
34261	3	2
34262	2	1
34263	1	2
34266	1	2
34281	1	2
34288	3	2
34296	2	1
34300	2	1
34301	2	1
34306	2	3
34311	2	3
34332	2	1
34341	3	2
34351	2	1
34352	3	2
34353	1	2
34356	2	1
34368	2	3
34370	3	2
34375	1	2
34377	1	2
34385	3	2
34398	3	2
34413	2	3
34453	2	1
34458	1	2
34465	2	3
34469	3	2
34481	2	1
34488	1	2
34497	1	2
34498	2	1
34500	2	3
34508	2	3
34524	2	1
34527	1	2
34534	2	3
34541	3	2
34550	2	3
34552	3	2
34572	2	1
34577	2	1
34585	1	2
34588	2	1
34590	2	1
34591	3	2
34592	2	3
34603	2	1
34629	2	1
34635	3	2
34636	3	2
34638	1	2
34640	2	1
34642	1	2
34649	1	2
34650	2	3
34651	3	2
34652	1	2
34659	2	3
34681	2	3
34710	2	3
34711	3	2
34713	3	2
34716	3	2
34735	3	2
34736	2	1
34744	2	3
34747	2	3
34751	2	3
34758	1	2
34768	2	3
34775	1	2
34782	2	1
34783	2	3
34785	1	2
34787	1	2
34799	2	3
34821	1	2
34835	3	2
34839	3	2
34842	2	3
34850	2	1
34852	2	1
34855	1	2
34858	2	1
34860	2	3
34868	3	2
34871	2	1
34872	2	1
34874	1	2
34880	2	3
34881	2	3
34894	3	2
34898	1	2
34899	1	2
34907	3	2
34909	2	3
34910	3	2
34911	1	2
34912	1	2
34917	1	2
34933	2	1
34936	3	2
34938	1	2
34942	3	2
34950	2	3
34955	1	2
34960	2	1
34961	1	2
34970	1	2
34975	1	2
34977	3	2
34978	1	2
34984	3	2
34985	3	2
34987	2	3
34988	2	3
34997	2	1
34999	1	2
35000	2	1
35002	1	2
35016	2	3
35018	3	2
35023	3	2
35032	3	2
35039	2	1
35042	3	2
35056	3	2
35062	1	2
35075	2	1
35081	2	3
35082	2	3
35085	3	2
35091	2	1
35099	3	2
35118	3	2
35137	2	3
35139	2	3
35167	2	3
35174	1	2
35186	2	3
35195	3	2
35198	2	3
35214	1	2
35215	1	2
35229	3	2
35238	3	2
35247	2	1
35252	1	2
35259	2	1
35263	1	2
35271	2	3
35273	2	3
35274	2	3
35282	1	2
35285	1	2
35291	1	2
35294	3	1
35296	1	2
35314	2	3
35322	3	2
35325	3	2
35326	2	1
35329	2	1
35332	2	1
35333	2	1
35334	2	3
35336	2	3
35339	3	2
35363	1	2
35381	2	1
35387	2	3
35419	2	3
35436	3	2
35455	1	2
35456	2	1
35460	2	1
35468	1	2
35476	2	1
35479	1	2
35483	2	1
35484	3	2
35489	1	2
35490	1	2
35493	3	2
35504	1	2
35517	1	2
35519	1	2
35521	3	2
35534	1	2
35540	2	1
35546	2	3
35548	3	2
35549	3	2
35550	2	1
35557	2	3
35565	1	2
35571	2	3
35572	2	3
35584	2	3
35593	3	2
35595	3	2
35601	1	2
35605	3	2
35622	3	2
35626	3	2
35628	1	2
35630	2	1
35653	2	1
35658	3	2
35661	3	2
35674	2	1
35677	1	2
35694	2	1
35696	1	2
35697	3	2
35734	3	2
35735	3	2
35737	2	1
35738	2	3
35741	3	2
35744	3	2
35745	2	1
35758	1	2
35761	1	2
35763	1	2
35785	1	2
35788	2	1
35796	1	2
35808	1	2
35812	2	3
35818	3	2
35819	3	2
35823	1	2
35824	3	2
35847	1	2
35848	1	2
35849	2	1
35851	1	2
35853	3	2
35859	2	1
35860	1	2
35861	2	1
35874	2	1
35879	3	2
35895	2	1
35896	2	1
35898	3	2
35900	3	2
35903	3	2
35904	3	2
35910	3	2
35911	2	1
35912	2	3
35914	2	1
35915	2	1
35918	1	2
35923	1	2
35936	1	2
35942	3	2
35944	1	2
35949	3	2
35962	1	2
35963	1	2
35973	1	2
35977	3	2
35982	1	2
35984	2	1
36034	3	1
36035	1	3
36036	1	3
36038	1	2
36039	1	2
36040	2	1
36043	1	2
36068	1	2
36084	2	1
36087	2	1
36097	1	2
36111	1	2
36120	1	2
36121	1	2
36122	1	2
36130	3	2
36131	2	3
36134	1	2
36144	1	2
36159	2	3
36171	1	2
36179	2	1
36183	2	1
36210	2	3
36223	3	2
36227	2	1
36234	1	2
36246	2	1
36268	2	3
36270	2	3
36271	3	2
36272	3	2
36279	2	3
36293	2	1
36306	3	1
36307	3	1
36309	3	2
36317	2	1
36319	2	1
36324	3	2
36333	3	2
36335	3	2
36348	1	2
36355	2	3
36384	3	2
36385	3	2
36395	3	2
36399	2	3
36407	1	2
36421	3	2
36424	3	2
36435	2	1
36451	2	1
36474	3	2
36482	2	3
36488	3	2
36515	2	3
36521	2	3
36527	2	3
36548	1	2
36560	1	2
36564	1	2
36575	1	2
36578	3	2
36587	2	1
36590	2	1
36591	1	2
36598	2	1
36608	3	2
36610	2	1
36612	2	1
36617	3	2
36618	3	2
36634	1	2
36643	3	2
36644	2	3
36651	1	2
36658	1	2
36660	1	2
36678	2	3
36685	3	2
36694	3	2
36700	2	3
36708	2	1
36731	2	3
36735	2	1
36737	1	2
36740	2	3
36758	1	2
36762	1	2
36763	2	1
36768	3	2
36769	2	3
36774	2	1
36776	1	2
36789	2	1
36794	3	2
36797	2	3
36803	1	2
36809	2	3
36819	3	2
36822	3	2
36833	2	3
36834	2	3
36847	1	2
36851	1	2
36857	1	2
36859	3	2
36860	2	3
36861	3	2
36877	2	1
36887	1	2
36892	3	2
36896	1	2
36900	1	2
36902	1	2
36914	2	3
36924	3	2
36928	2	3
36932	2	1
36936	3	2
36938	2	3
36950	1	2
36953	2	3
36962	1	2
36974	2	1
36977	3	2
36978	2	3
36981	1	2
37002	2	3
37006	2	1
37038	2	1
37050	1	2
37056	2	1
37058	1	2
37059	1	2
37075	2	3
37089	2	3
37097	1	2
37101	1	2
37105	2	3
37107	2	3
37116	2	1
37117	2	1
37125	1	2
37133	2	3
37146	3	2
37158	3	2
37159	3	2
37169	1	2
37170	1	2
37182	1	2
37185	3	2
37204	2	1
37208	3	2
37209	3	2
37210	3	2
37218	2	3
37220	2	1
37221	1	2
37229	2	1
37230	3	2
37236	3	2
37237	3	2
37238	2	1
37250	2	3
37251	3	2
37253	2	3
37258	1	2
37262	3	2
37276	1	2
37287	3	2
37292	2	3
37293	2	3
37295	3	2
37300	2	3
37301	2	3
37306	3	2
37307	3	2
37312	1	2
37314	1	2
37315	3	2
37317	1	2
37319	2	3
37343	3	2
37345	3	2
37351	3	2
37356	2	3
37357	3	2
37358	3	2
37367	2	3
37378	2	3
37393	1	2
37402	2	1
37403	3	2
37409	1	2
37410	2	1
37411	2	3
37419	3	2
37430	1	2
37460	1	2
37462	3	2
37475	3	2
37478	2	1
37481	3	1
37486	2	1
37493	2	3
37495	1	2
37505	1	2
37514	2	1
37522	2	1
37531	2	3
37557	2	1
37561	2	3
37569	1	2
37570	2	1
37572	1	2
37579	2	1
37584	2	1
37603	3	2
37623	1	2
37631	3	2
37634	3	2
37639	3	2
37641	2	1
37652	2	3
37659	3	2
37671	2	3
37676	3	2
37677	3	2
37691	1	2
37696	2	1
37698	2	3
37701	2	3
37707	1	2
37708	2	1
37717	1	2
37733	2	3
37748	1	2
37760	1	2
37764	2	1
37765	1	2
37772	3	2
37779	2	3
37789	2	3
37795	1	2
37797	2	3
37799	1	2
37809	2	1
37811	3	2
37827	3	2
37831	1	2
37832	1	2
37833	2	3
37842	3	2
37856	2	1
37863	2	1
37866	3	2
37868	2	3
37869	2	1
37872	3	2
37873	1	3
37877	3	2
37889	2	3
37924	1	2
37938	2	1
37963	1	2
37965	3	2
37972	3	1
37973	2	1
37998	3	2
37999	1	2
38000	1	3
38010	1	2
38013	2	1
38017	1	2
38027	2	3
38028	3	2
38033	2	1
38039	1	2
38060	3	2
38061	2	1
38062	1	2
38063	2	1
38067	2	1
38074	2	1
38075	1	2
38076	1	2
38077	2	1
38078	2	3
38084	3	2
38087	2	1
38090	1	2
38097	3	2
38103	3	2
38117	2	1
38126	2	1
38135	1	2
38137	2	1
38138	2	1
38139	1	2
38148	2	3
38156	1	2
38160	1	2
38168	1	2
38173	2	3
38174	1	2
38175	2	1
38184	2	1
38185	3	2
38188	3	2
38198	1	2
38200	3	2
38203	1	2
38212	3	2
38213	3	2
38219	2	1
38239	3	2
38244	2	3
38250	2	3
38275	2	1
38276	2	3
38279	3	2
38284	3	2
38301	2	3
38308	3	2
38311	3	2
38317	1	2
38319	3	2
38336	2	3
38339	2	3
38340	2	1
38342	2	3
38343	2	3
38345	3	2
38346	3	2
38347	1	2
38350	2	1
38366	1	2
38368	3	2
38372	3	2
38373	2	3
38391	2	1
38405	3	2
38406	1	2
38408	2	1
38415	3	2
38419	3	2
38421	2	1
38437	3	2
38442	3	2
38450	2	3
38453	3	2
38454	2	3
38455	2	3
38462	3	2
38463	2	3
38476	3	2
38489	3	2
38504	2	1
38511	3	2
38524	2	3
38530	2	3
38532	2	3
38534	3	2
38537	2	3
38552	1	2
38553	3	2
38554	2	3
38560	1	2
38563	1	2
38564	1	2
38565	2	1
38569	2	1
38576	1	2
38587	3	2
38591	2	3
38593	1	2
38600	2	3
38604	3	2
38611	1	2
38628	1	2
38631	2	3
38639	2	1
38654	1	2
38666	2	3
38667	2	1
38670	2	1
38672	2	1
38681	1	2
38692	2	1
38700	2	3
38702	2	3
38704	3	2
38712	1	2
38717	1	2
38722	1	2
38724	2	3
38728	3	2
38745	1	2
38753	2	1
38754	3	2
38755	3	2
38768	1	2
38773	1	2
38785	2	1
38792	3	2
38795	2	1
38799	3	2
38807	3	2
38812	3	2
38821	2	3
38826	2	1
38828	1	2
38842	2	3
38846	3	2
38848	3	2
38850	1	2
38854	2	3
38857	2	3
38860	3	2
38874	2	1
38879	2	1
38896	2	3
38899	3	1
38903	3	2
38905	2	3
38907	2	3
38911	2	1
38938	2	1
38953	3	2
38964	3	2
38968	2	3
38972	3	2
38983	2	3
38985	2	1
38999	3	2
39001	2	3
39014	3	2
39016	1	2
39017	1	2
39019	3	2
39026	3	2
39028	1	3
39029	1	3
39030	3	2
39056	2	3
39058	3	2
39059	2	3
39070	2	3
39073	2	3
39075	2	3
39081	3	2
39089	2	1
39092	3	2
39096	2	3
39109	2	3
39126	1	2
39162	2	3
39166	2	3
39171	1	2
39174	3	2
39175	2	3
39181	2	3
39183	3	2
39201	2	1
39203	2	1
39216	3	2
39221	1	2
39222	1	2
39225	2	3
39228	1	2
39233	1	2
39234	1	2
39235	2	3
39236	1	2
39237	1	2
39253	2	3
39261	3	2
39262	3	2
39265	2	1
39272	2	3
39279	2	3
39281	2	1
39282	1	2
39283	3	2
39293	1	2
39294	2	3
39295	3	2
39306	2	1
39321	3	2
39324	3	1
39325	3	1
39326	1	3
39328	2	1
39333	3	2
39339	2	1
39342	2	1
39350	1	2
39355	1	2
39357	2	1
39359	2	1
39374	1	2
39379	2	1
39385	3	2
39390	3	2
39395	3	2
39403	2	1
39410	2	1
39417	3	2
39418	3	2
39419	1	3
39421	3	2
39427	1	2
39432	2	3
39433	3	2
39434	2	3
39440	2	1
39450	3	2
39461	3	2
39465	1	2
39469	2	1
39480	3	2
39482	2	3
39485	2	1
39488	2	3
39490	3	2
39502	3	2
39506	3	2
39512	1	2
39523	3	2
39537	2	3
39538	2	3
39552	3	1
39555	2	3
39559	2	3
39565	2	3
39568	3	2
39572	3	2
39574	1	2
39580	1	2
39581	1	2
39586	3	2
39588	3	2
39597	1	2
39601	1	2
39604	2	1
39609	1	2
39612	2	3
39618	3	2
39619	2	3
39622	1	2
39623	1	2
39633	2	3
39636	2	3
39641	3	2
39644	2	3
39654	3	2
39659	3	2
39664	3	2
39665	2	3
39670	2	1
39677	3	2
39702	3	2
39703	2	1
39704	3	2
39705	1	2
39721	2	1
39723	3	2
39729	1	2
39734	1	2
39736	1	2
39737	1	2
39750	2	1
39758	2	1
39763	3	2
39764	3	2
39768	1	2
39786	2	3
39789	2	1
39797	3	2
39800	2	1
39817	3	2
39819	2	3
39821	1	2
39827	2	3
39834	3	2
39840	2	3
39842	3	2
39861	3	2
39866	1	2
39875	2	3
39876	3	2
39877	3	2
39879	3	1
39887	1	2
39894	1	2
39919	3	2
39922	1	2
39935	3	2
39936	3	2
39938	1	2
39942	3	2
39953	3	2
39954	2	3
39964	3	2
39967	2	3
39978	3	2
39980	2	1
39988	3	2
39990	3	2
39996	2	1
40000	1	3
40001	2	3
40002	2	1
40003	2	1
40005	1	3
40006	3	2
40024	3	2
40027	3	2
40033	3	2
40034	3	2
40067	3	2
40071	2	1
40099	2	3
40100	2	3
40102	3	2
40127	2	1
40129	2	1
40137	2	3
40139	3	2
40141	2	3
40144	1	2
40151	1	2
40152	1	2
40160	2	3
40161	3	2
40166	2	1
40169	2	1
40173	1	2
40182	1	2
40186	2	3
40187	3	2
40189	3	2
40190	1	3
40191	3	2
40197	2	3
40199	3	2
40202	1	2
40219	2	3
40232	1	2
40233	2	1
40256	1	2
40258	1	2
40269	2	1
40274	2	1
40293	2	1
40303	1	2
40304	1	2
40314	2	1
40320	1	2
40340	3	2
40343	1	2
40353	2	1
40360	2	1
40362	3	2
40371	3	2
40386	2	1
40393	1	2
40397	2	1
40412	1	2
40413	1	2
40429	2	3
40430	2	1
40436	1	2
40451	1	2
40452	1	2
40459	2	1
40476	2	1
40477	1	2
40478	3	2
40481	2	1
40483	3	2
40494	1	2
40507	2	1
40511	3	2
40513	2	3
40525	1	2
40532	1	2
40533	2	1
40541	2	1
40549	2	3
40550	2	3
40551	3	2
40560	3	2
40569	2	1
40570	1	2
40571	1	2
40585	3	2
40593	3	2
40595	2	1
40598	3	2
40610	2	1
40615	2	3
40632	2	3
40636	2	3
40639	1	2
40640	1	2
40644	2	1
40659	1	2
40660	3	2
40667	2	1
40672	2	3
40698	1	2
40701	2	1
40702	1	2
40713	2	1
40735	1	2
40736	2	1
40741	3	2
40744	3	2
40748	3	2
40750	2	3
40757	3	2
40763	2	1
40765	2	1
40768	2	3
40773	1	2
40776	1	2
40782	2	1
40786	1	2
40792	2	1
40795	3	2
40796	2	3
40800	2	3
40806	3	2
40807	2	3
40811	3	2
40812	3	2
40813	2	3
40814	3	2
40819	1	2
40823	1	2
40824	1	2
40825	1	2
40855	1	2
40860	3	2
40861	3	2
40867	2	3
40872	3	2
40876	3	2
40877	2	3
40879	3	2
40881	2	1
40883	1	2
40888	3	1
40906	2	3
40908	2	3
40913	3	2
40918	2	1
40920	2	1
40923	3	2
40927	2	1
40937	1	2
40939	2	1
40942	2	3
40951	3	2
40954	1	2
40955	3	2
40956	1	3
40962	3	2
40967	3	2
40972	1	2
40977	2	1
40981	2	3
40982	3	2
41004	2	3
41005	1	2
41006	1	2
41038	2	3
41040	2	1
41042	1	2
41051	2	3
41054	2	1
41064	3	2
41071	3	2
41080	3	2
41090	1	2
41091	2	1
41108	2	1
41110	1	2
41119	1	2
41138	3	2
41140	2	1
41141	2	1
41166	2	1
41170	1	2
41171	2	1
41176	1	2
41190	1	2
41191	2	1
41213	2	1
41214	1	2
41220	1	2
41224	1	2
41230	2	1
41235	2	1
41243	3	2
41244	2	3
41245	2	1
41250	2	1
41261	3	2
41264	3	2
41266	3	2
41269	1	2
41276	3	2
41282	2	3
41291	3	2
41292	2	3
41296	3	2
41299	2	3
41300	2	3
41306	2	3
41312	2	1
41323	2	1
41325	2	1
41329	2	1
41337	2	3
41354	2	1
41372	1	2
41374	1	2
41375	1	2
41376	1	2
41378	1	2
41395	3	2
41401	2	3
41406	1	2
41408	1	2
41417	1	2
41418	1	2
41422	2	1
41437	1	2
41440	1	2
41450	3	2
41463	1	2
41464	2	3
41469	2	1
41471	1	2
41473	3	2
41475	2	3
41483	2	3
41487	3	2
41488	3	2
41490	3	2
41491	3	2
41497	1	2
41550	3	2
41553	3	2
41554	3	2
41560	2	1
41566	3	2
41575	3	2
41580	2	1
41581	2	1
41582	1	2
41583	2	3
41586	3	2
41587	2	3
41588	3	2
41590	3	2
41616	2	1
41652	1	2
41658	1	2
41660	3	2
41675	3	2
41677	2	3
41688	2	3
41697	1	2
41705	1	2
41706	2	1
41707	1	2
41710	2	1
41713	2	1
41728	2	1
41730	1	2
41732	2	1
41734	3	2
41735	1	2
41741	2	3
41744	3	2
41761	2	1
41780	2	1
41792	1	2
41795	2	1
41800	3	2
41802	2	3
41808	3	2
41809	2	3
41810	2	3
41817	2	3
41825	1	2
41827	2	1
41828	1	2
41835	1	2
41850	3	2
41853	3	2
41854	2	3
41855	3	2
41859	2	1
41860	2	1
41864	2	3
41875	3	2
41877	1	2
41879	1	2
41880	2	1
41881	2	1
41882	1	2
41884	2	1
41891	2	1
41902	3	1
41922	3	2
41923	2	3
41924	2	3
41925	2	3
41931	2	1
41958	1	2
41978	3	2
41984	2	1
41991	1	2
41993	2	3
41996	3	2
42008	2	3
42009	3	2
42010	2	1
42012	2	1
42030	3	2
42034	3	2
42038	2	3
42042	1	2
42047	2	1
42048	2	1
42049	1	2
42050	2	1
42065	1	2
42075	2	3
42078	2	1
42080	1	2
42082	2	3
42085	2	3
42088	2	3
42090	2	3
42093	2	3
42096	1	2
42101	1	2
42102	2	1
42109	3	2
42118	2	1
42120	2	1
42133	1	2
42180	1	2
42181	2	1
42194	1	2
42195	1	2
42197	1	2
42210	2	3
42217	1	3
42227	3	2
42236	2	1
42242	3	2
42243	3	2
42246	3	2
42265	3	2
42266	3	1
42267	1	2
42283	1	2
42284	3	2
42286	3	2
42288	1	2
42290	3	1
42293	1	2
42294	2	1
42296	3	2
42299	1	2
42314	3	2
42323	2	1
42331	1	2
42345	3	2
42346	2	3
42348	2	3
42353	2	1
42355	3	2
42356	2	3
42385	2	1
42390	1	2
42393	1	2
42397	1	2
42404	1	2
42408	2	1
42417	2	1
42422	2	1
42423	2	3
42424	2	3
42430	2	3
42444	2	3
42453	3	2
42458	1	2
42459	2	1
42461	2	1
42464	1	2
42465	2	1
42469	3	2
42470	2	3
42474	3	2
42475	3	2
42481	1	2
42487	2	1
42491	1	2
42492	1	2
42493	2	1
42510	2	3
42513	2	3
42517	3	2
42548	1	2
42550	2	1
42563	3	2
42565	1	2
42566	2	1
42571	3	2
42572	2	3
42581	2	3
42582	2	3
42584	2	1
42599	2	1
42616	2	1
42620	1	2
42622	3	2
42623	3	2
42625	3	2
42637	2	1
42650	2	3
42659	3	2
42667	2	1
42673	2	3
42688	1	2
42694	2	1
42696	2	1
42699	2	1
42712	3	2
42714	2	3
42716	3	2
42730	1	2
42736	1	2
42738	2	1
42742	3	2
42756	1	2
42757	2	1
42762	1	2
42768	2	3
42781	2	1
42782	2	3
42783	2	3
42785	1	2
42814	3	2
42817	3	2
42818	3	2
42819	3	2
42826	1	2
42838	2	3
42839	3	2
42845	3	2
42858	1	2
42888	2	1
42895	2	3
42899	2	3
42905	3	2
42913	3	2
42914	1	2
42916	3	2
42919	2	1
42920	2	3
42921	3	2
42944	2	3
42960	2	1
42962	1	3
42963	1	3
42977	1	2
42979	3	2
42994	1	2
42998	2	1
42999	2	1
43008	2	1
43012	1	2
43017	1	2
43019	2	1
43020	2	1
43021	2	1
43022	3	2
43023	3	2
43036	2	3
43039	1	2
43052	3	2
43060	2	3
43064	3	2
43073	2	3
43088	3	2
43089	2	3
43093	2	1
43106	2	3
43111	3	2
43115	1	2
43118	3	2
43120	1	2
43125	3	2
43129	2	3
43136	3	2
43145	3	2
43155	1	2
43158	2	3
43160	1	2
43168	3	2
43169	3	2
43184	1	3
43197	3	2
43199	2	3
43202	1	2
43203	1	2
43206	1	2
43209	3	2
43234	2	1
43246	3	2
43255	2	3
43262	2	1
43279	3	2
43284	2	1
43285	1	2
43296	3	2
43317	3	2
43320	3	2
43324	3	2
43338	1	2
43347	2	1
43350	3	2
43355	3	2
43357	2	3
43369	3	2
43372	2	3
43375	2	1
43380	2	1
43389	2	3
43395	2	1
43416	3	2
43428	2	1
43441	3	2
43442	3	2
43475	1	2
43484	3	2
43485	2	3
43489	2	1
43490	1	2
43503	1	2
43507	1	2
43513	2	1
43521	1	2
43524	1	2
43538	3	2
43541	1	2
43552	2	3
43556	3	2
43560	1	2
43562	2	1
43567	2	1
43575	3	2
43576	3	2
43577	2	3
43581	1	2
43585	3	2
43597	2	1
43598	3	2
43612	1	2
43626	3	2
43630	2	3
43639	3	2
43648	1	2
43664	2	1
43666	2	1
43695	2	1
43698	2	3
43700	3	2
43701	3	2
43703	1	3
43707	2	3
43708	1	2
43726	1	2
43744	2	1
43748	2	3
43749	2	3
43750	2	3
43758	1	2
43765	1	2
43769	3	2
43773	3	2
43778	1	2
43788	2	1
43794	1	2
43808	2	3
43810	3	2
43825	3	2
43832	1	2
43835	2	1
43840	3	2
43858	2	1
43879	1	2
43884	3	1
43885	3	1
43900	2	3
43903	1	2
43930	3	2
43936	3	2
43937	2	3
43945	2	1
43951	2	1
43956	2	3
43958	2	3
43975	2	1
43988	3	2
43989	2	3
43992	2	1
44000	2	1
44004	2	1
44011	3	2
44032	3	2
44035	3	2
44037	2	1
44041	2	3
44044	3	2
44048	1	2
44049	1	2
44052	1	2
44056	2	1
44058	2	1
44062	2	1
44065	2	1
44068	3	2
44071	2	3
44078	2	3
44082	3	2
44084	2	3
44086	1	2
44088	2	1
44089	2	1
44091	2	1
44099	1	2
44100	1	2
44101	1	2
44119	1	2
44121	3	2
44124	3	2
44126	2	1
44141	2	1
44143	1	2
44145	2	3
44152	3	2
44153	3	1
44155	3	2
44157	2	1
44158	2	1
44173	3	2
44181	1	2
44183	3	2
44189	2	3
44190	3	1
44191	3	2
44204	3	2
44222	2	3
44227	3	2
44228	3	2
44229	3	2
44242	3	2
44249	2	1
44252	1	2
44253	1	2
44256	1	2
44274	2	3
44277	2	3
44281	2	1
44282	1	2
44284	3	2
44288	3	2
44293	3	2
44295	1	2
44296	1	2
44303	2	1
44313	2	3
44314	1	2
44315	1	2
44321	3	2
44324	3	2
44334	1	2
44336	2	3
44337	2	3
44357	1	2
44370	1	2
44378	2	1
44379	3	2
44381	3	2
44382	2	3
44383	3	2
44384	3	1
44385	1	2
44386	1	2
44387	1	2
44400	1	2
44403	2	1
44404	2	3
44417	3	2
44421	2	3
44422	2	3
44429	2	1
44442	3	2
44451	1	2
44452	2	1
44454	1	2
44455	2	1
44458	2	1
44465	1	2
44471	1	2
44485	1	2
44490	1	2
44491	1	2
44493	3	2
44497	3	2
44517	1	2
44520	3	2
44535	2	1
44538	2	3
44539	1	2
44547	3	2
44548	3	2
44554	2	3
44557	3	1
44577	1	2
44581	2	1
44589	1	2
44591	1	2
44595	1	2
44596	2	1
44603	1	2
44604	1	2
44607	3	2
44628	1	2
44631	1	2
44635	2	3
44649	2	3
44694	3	2
44700	3	2
44722	2	1
44727	1	2
44733	1	3
44738	3	1
44739	3	2
44740	1	2
44741	1	2
44742	3	2
44743	3	2
44751	3	2
44753	3	2
44756	2	1
44771	2	3
44775	3	2
44777	2	1
44784	2	1
44785	3	2
44787	3	2
44788	1	2
44797	2	1
44799	2	1
44803	2	1
44805	1	2
44807	1	2
44808	1	2
44816	2	1
44817	2	1
44819	2	1
44827	2	1
44839	1	2
44843	3	2
44847	1	2
44848	2	1
44850	2	3
44858	2	3
44860	3	2
44867	1	2
44878	2	1
44884	2	1
44892	2	1
44914	3	2
44923	2	3
44941	3	2
44949	2	1
44956	3	2
44960	1	2
44969	2	1
44970	1	2
44984	1	2
44985	3	2
44994	1	2
44995	1	2
44999	2	3
45000	2	3
45001	2	3
45017	1	2
45020	3	2
45021	2	3
45050	1	2
45052	1	2
45056	3	2
45057	2	3
45063	3	2
45064	3	2
45074	2	3
45075	3	2
45087	2	1
45089	1	2
45097	1	2
45099	1	2
45100	1	2
45101	3	2
45127	1	2
45129	1	2
45136	3	2
45141	2	3
45145	2	1
45150	1	2
45155	3	2
45159	1	2
45166	1	2
45172	3	2
45175	3	1
45176	2	3
45178	2	3
45186	1	2
45193	3	2
45200	3	2
45201	1	3
45207	3	2
45209	3	2
45210	2	3
45218	1	3
45220	1	2
45222	2	1
45226	2	3
45228	2	3
45241	1	2
45242	2	3
45246	1	2
45257	3	2
45259	3	2
45263	3	2
45268	3	2
45272	1	3
45276	2	3
45277	3	2
45285	1	2
45286	1	2
45293	2	1
45313	2	3
45317	2	3
45321	1	2
45327	1	2
45328	1	2
45331	3	1
45333	3	2
45345	3	2
45352	2	1
45353	1	2
45356	2	3
45357	3	2
45358	3	2
45363	2	1
45364	1	2
45365	1	2
45368	2	1
45377	1	2
45380	3	2
45391	1	3
45396	1	2
45399	2	3
45405	2	1
45407	2	1
45410	1	2
45412	1	2
45413	2	1
45415	2	3
45427	1	2
45431	1	2
45435	1	2
45437	2	3
45461	3	2
45462	3	2
45471	2	3
45472	3	2
45476	3	2
45485	2	3
45498	2	1
45501	3	2
45518	2	1
45522	2	3
45525	3	2
45530	1	2
45533	3	2
45542	1	2
45551	2	1
45556	1	2
45561	2	3
45567	1	2
45592	1	2
45597	3	2
45601	2	3
45603	3	2
45608	2	1
45616	3	2
45633	2	1
45637	3	2
45645	2	3
45649	1	2
45657	2	1
45658	2	1
45661	3	2
45666	1	2
45667	2	1
45672	2	1
45682	3	2
45692	3	2
45694	2	1
45717	1	2
45718	2	1
45721	1	2
45730	3	2
45732	2	3
45748	3	2
45753	2	3
45754	1	2
45756	2	1
45763	1	2
45764	1	2
45780	2	3
45807	1	2
45808	1	2
45819	3	2
45822	1	2
45823	1	2
45826	1	2
45827	2	1
45831	1	2
45839	1	2
45848	1	2
45850	2	1
45853	1	2
45861	3	2
45862	2	3
45865	1	2
45868	3	2
45874	1	2
45891	3	2
45893	2	3
45894	3	2
45895	1	2
45902	3	2
45905	2	1
45910	2	1
45913	2	1
45921	1	2
45922	3	2
45923	2	3
45924	2	1
45930	3	2
45932	1	2
45934	2	3
45936	2	3
45947	1	2
45951	2	1
45953	1	2
45965	2	3
45967	3	2
45994	1	2
45997	3	2
45999	2	3
46002	3	2
46003	3	2
46018	1	2
46022	3	2
46026	3	2
46031	1	2
46032	2	1
46035	2	1
46043	3	2
46044	2	1
46048	2	1
46049	1	2
46050	2	3
46054	2	3
46060	3	2
46061	2	3
46070	3	2
46075	1	2
46076	1	2
46084	2	3
46085	3	2
46094	1	3
46095	2	3
46116	2	3
46123	3	2
46124	2	3
46128	1	3
46130	2	3
46132	3	2
46133	3	2
46134	2	3
46135	2	3
46139	1	2
46143	1	2
46165	3	2
46177	1	3
46178	3	2
46183	2	3
46185	3	2
46191	1	2
46217	2	3
46226	3	2
46230	3	2
46234	3	2
46235	2	3
46236	3	1
46247	2	3
46258	2	3
46265	3	2
46266	3	2
46270	3	2
46275	1	2
46294	2	1
46301	3	2
46303	2	3
46308	3	2
46310	2	1
46311	2	3
46328	1	2
46341	2	1
46347	2	3
46351	1	3
46353	2	1
46358	1	2
46359	1	2
46385	2	1
46386	2	1
46395	3	2
46413	2	1
46423	2	3
46440	2	1
46458	2	1
46463	2	1
46478	2	3
46480	3	2
46481	3	2
46485	3	2
46496	2	1
46506	2	1
46507	2	1
46514	2	3
46515	2	1
46516	3	2
46521	3	2
46524	3	2
46527	3	2
46529	3	2
46533	2	1
46536	3	2
46537	2	1
46538	1	2
46549	3	2
46552	3	1
46554	1	2
46565	3	2
46566	2	3
46567	2	3
46577	1	2
46591	2	1
46595	2	1
46608	3	2
46610	2	1
46611	2	1
46624	1	2
46627	2	3
46629	3	2
46637	2	3
46644	3	2
46662	2	3
46664	1	2
46665	3	2
46668	1	2
46669	1	2
46672	2	3
46675	1	2
46680	3	2
46687	3	1
46695	2	1
46703	3	2
46706	2	1
46720	1	2
46737	2	3
46741	2	1
46748	3	2
46755	2	1
46759	2	3
46765	1	2
46766	2	3
46769	2	3
46772	3	2
46776	2	3
46784	2	3
46790	3	2
46793	2	3
46794	3	2
46798	1	2
46799	2	1
46808	3	2
46830	3	2
46832	1	2
46842	1	2
46866	1	2
46867	1	2
46868	3	2
46885	1	2
46897	3	2
46906	3	2
46912	1	2
46913	1	2
46924	2	1
46925	1	2
46932	2	1
46944	2	1
46953	1	2
46981	2	1
46983	2	1
46984	3	2
46987	2	3
46993	2	3
46996	3	2
47001	2	3
47002	3	2
47004	1	2
47007	2	1
47009	2	3
47010	3	2
47017	1	2
47018	1	2
47019	3	2
47036	3	2
47045	2	3
47048	2	3
47050	3	2
47052	2	3
47070	3	2
47073	1	2
47075	2	3
47076	2	1
47077	2	1
47096	2	1
47103	2	1
47109	2	3
47112	2	3
47115	2	3
47130	3	2
47139	2	1
47148	3	2
47149	3	2
47151	3	2
47168	3	2
47170	1	2
47173	3	2
47174	2	3
47181	3	2
47183	2	1
47200	2	1
47205	2	3
47231	2	1
47235	1	2
47236	2	1
47248	1	2
47259	3	2
47260	2	3
47272	1	2
47278	2	1
47279	1	2
47285	2	3
47291	2	1
47308	3	2
47320	2	1
47322	1	2
47326	2	3
47329	1	2
47330	1	2
47352	3	2
47359	1	2
47363	1	2
47367	2	3
47369	2	3
47385	3	2
47417	1	2
47423	1	2
47429	3	1
47443	2	1
47444	1	3
47446	2	3
47449	2	1
47455	2	3
47456	2	3
47460	2	3
47461	2	3
47470	1	2
47472	3	1
47475	1	2
47476	2	3
47482	3	2
47484	1	3
47487	2	3
47498	2	3
47500	3	2
47507	1	2
47515	3	2
47516	3	2
47520	3	2
47521	3	2
47526	2	1
47538	1	2
47540	1	2
47544	1	2
47549	3	2
47555	2	1
47572	2	1
47574	1	2
47579	3	2
47584	2	1
47589	1	2
47592	2	1
47596	2	3
47614	2	1
47615	1	2
47616	2	1
47622	1	2
47625	1	2
47630	1	2
47633	2	3
47647	2	1
47648	1	2
47666	3	2
47669	1	2
47671	2	1
47686	2	3
47687	3	2
47695	1	2
47701	3	2
47702	2	3
47723	1	2
47738	1	2
47739	3	2
47745	3	2
47746	3	2
47754	3	2
47760	3	2
47762	2	3
47801	1	2
47803	3	2
47804	2	3
47809	3	2
47810	3	2
47815	1	2
47817	2	1
47824	3	2
47859	2	3
47861	3	2
47871	2	1
47872	1	3
47877	3	2
47882	3	2
47887	1	2
47892	1	2
47898	1	2
47900	2	3
47902	2	3
47906	2	3
47909	3	2
47916	1	2
47921	2	3
47923	2	3
47927	2	1
47928	3	2
47939	3	2
47949	1	2
47950	2	1
47951	1	2
47966	2	3
47981	2	3
47984	2	3
47986	3	2
47993	1	2
48006	1	2
48009	3	2
48030	1	2
48035	2	1
48044	1	2
48052	1	2
48058	2	3
48063	3	2
48069	2	1
48097	1	2
48099	1	2
48104	2	3
48111	3	2
48138	2	1
48139	2	1
48143	2	1
48144	1	2
48145	1	2
48147	2	3
48152	2	3
48154	1	3
48155	1	2
48158	2	1
48159	2	3
48169	1	2
48175	1	2
48176	1	2
48180	3	2
48195	3	2
48203	1	2
48205	1	2
48208	2	1
48212	3	2
48213	2	3
48214	1	2
48218	1	2
48224	1	2
48234	1	2
48238	1	2
48243	1	2
48249	1	2
48250	1	2
48251	3	2
48255	2	3
48260	2	3
48262	3	2
48268	1	2
48284	2	1
48323	1	3
48324	2	1
48326	1	2
48334	3	2
48335	2	1
48337	1	2
48338	3	2
48350	2	3
48355	1	2
48357	1	2
48362	2	1
48364	1	2
48366	1	2
48369	3	2
48378	1	2
48394	1	2
48399	2	3
48400	2	3
48402	2	1
48406	2	3
48407	3	2
48414	2	3
48415	1	2
48417	3	2
48418	2	3
48422	3	2
48432	1	2
48439	1	2
48444	2	1
48452	3	2
48454	2	3
48459	3	2
48461	1	2
48473	2	3
48502	3	2
48519	2	3
48521	1	2
48535	2	3
48537	2	1
48539	2	3
48540	2	3
48557	2	1
48561	2	3
48564	3	2
48565	2	3
48582	2	1
48588	3	2
48590	1	2
48627	2	3
48633	2	3
48658	2	1
48663	3	2
48673	3	2
48675	2	1
48686	2	3
48698	1	2
48701	3	2
48702	2	1
48704	2	1
48707	1	2
48716	2	3
48720	2	3
48721	3	2
48722	2	3
48723	2	3
48725	3	2
48744	1	2
48756	2	1
48758	1	2
48782	2	3
48783	3	2
48785	2	3
48786	3	2
48794	2	3
48801	2	1
48804	2	3
48811	1	2
48828	2	1
48833	2	1
48836	3	2
48839	2	3
48851	1	2
48858	3	2
48871	1	2
48872	3	2
48873	2	3
48879	1	2
48886	1	2
48896	3	2
48905	2	3
48906	1	2
48915	3	2
48919	2	3
48929	1	2
48947	2	3
48971	2	3
48972	3	2
48979	2	3
48980	3	2
48996	2	1
48998	1	2
49002	2	3
49011	3	2
49029	3	1
49031	2	3
49033	1	2
49034	2	1
49036	2	3
49038	2	3
49039	2	3
49051	2	3
49052	3	2
49054	1	2
49057	3	2
49059	3	2
49091	2	1
49106	2	1
49107	1	2
49110	3	2
49123	3	2
49131	2	3
49133	2	3
49137	2	1
49140	2	1
49149	2	1
49154	1	2
49156	3	2
49165	3	2
49166	2	3
49177	1	3
49179	1	2
49180	3	2
49191	2	3
49198	3	2
49206	2	1
49216	3	2
49217	3	2
49226	3	2
49227	3	2
49234	2	3
49236	2	1
49250	2	1
49256	1	2
49264	3	2
49272	3	2
49279	2	3
49280	3	2
49285	3	2
49286	3	2
49288	1	2
49291	3	2
49294	3	2
49298	1	2
49314	3	2
49316	1	2
49317	1	2
49325	2	1
49326	1	2
49351	2	1
49353	1	2
49366	2	1
49369	2	1
49398	2	3
49403	3	2
49406	1	2
49409	3	2
49423	2	3
49428	2	1
49432	3	2
49439	3	2
49448	3	2
49450	3	2
49451	2	3
49455	1	2
49457	3	2
49472	2	3
49478	2	1
49480	2	1
49482	1	2
49488	2	3
49490	3	2
49495	2	3
49502	2	1
49508	1	2
49534	2	1
49545	3	1
49558	1	2
49575	1	2
49576	1	2
49577	1	2
49585	3	2
49588	3	2
49599	2	1
49604	3	2
49613	2	3
49615	2	3
49619	1	2
49633	2	1
49643	2	3
49649	3	2
49651	1	2
49661	1	2
49663	2	1
49693	2	3
49694	3	1
49696	1	2
49698	3	1
49699	2	3
49700	2	1
49709	3	2
49721	1	2
49748	2	3
49752	1	2
49753	1	2
49755	3	2
49765	3	2
49769	2	1
49770	1	2
49772	1	2
49776	3	2
49777	3	2
49785	3	2
49788	3	2
49798	1	2
49805	2	3
49824	2	3
49825	3	2
49826	3	2
49842	3	2
49850	2	1
49865	2	3
49873	2	3
49875	3	2
49884	3	2
49912	3	2
49941	2	3
49942	2	3
49950	2	3
49955	1	2
49963	2	3
49978	1	2
49980	2	1
49984	2	1
49989	2	1
50000	2	3
50001	1	2
50005	1	2
50006	1	2
50010	3	2
50011	3	2
50030	2	1
50034	2	1
50038	1	2
50040	3	2
50041	2	3
50043	1	2
50052	2	3
50053	1	2
50054	2	3
50056	2	3
50057	3	2
50059	1	2
50066	2	1
50067	3	1
50068	3	1
50069	3	2
50070	1	2
50071	3	2
50085	2	1
50095	1	2
50099	2	1
50100	1	2
50114	2	1
50116	2	1
50117	2	1
50132	2	3
50133	3	2
50140	2	1
50146	2	3
50156	2	3
50166	3	2
50167	3	2
50176	3	2
50178	3	2
50183	1	2
50184	1	2
50200	3	2
50201	2	3
50205	1	2
50214	3	2
50229	3	2
50237	3	2
50239	3	2
50241	2	1
50244	2	1
50259	3	2
50260	2	3
50263	3	1
50269	2	1
50271	3	2
50288	3	2
50291	1	2
50297	2	1
50316	2	1
50318	3	2
50322	2	1
50327	2	3
50328	3	2
50335	2	3
50341	1	2
50352	1	2
50355	1	2
50375	1	2
50377	1	3
50378	2	3
50385	2	3
50401	3	2
50402	2	3
50420	1	2
50424	2	1
50428	1	2
50450	1	2
50464	2	1
50465	3	1
50466	3	2
50472	2	1
50474	2	1
50477	2	3
50478	3	2
50479	3	2
50486	2	3
50498	2	3
50504	3	2
50505	2	3
50514	1	2
50524	2	1
50526	1	3
50539	3	2
50542	3	2
50555	2	3
50559	2	3
50567	3	2
50571	3	2
50582	1	3
50583	2	3
50585	3	2
50587	3	2
50588	2	3
50591	2	1
50592	2	1
50598	3	2
50599	3	2
50608	3	2
50612	2	3
50617	3	2
50618	3	2
50620	2	3
50630	3	2
50631	3	2
50644	3	2
50645	3	2
50651	2	1
50652	1	3
50665	2	1
50667	2	1
50687	3	2
50693	1	2
50697	2	3
50706	1	2
50715	2	3
50719	2	1
50721	2	1
50725	1	2
50726	2	3
50738	1	2
50750	1	2
50751	2	3
50754	2	1
50755	1	2
50773	3	2
50782	3	2
50790	1	2
50792	3	2
50798	2	3
50815	2	3
50819	3	2
50829	1	2
50832	1	2
50851	1	2
50855	1	3
50856	3	2
50867	2	1
50876	3	2
50883	3	2
50886	2	3
50907	3	2
50912	1	2
50922	2	1
50925	3	2
50926	2	1
50933	2	3
50937	1	2
50938	1	2
50939	1	2
50940	2	3
50963	2	1
50964	2	1
50969	1	2
50982	2	1
50996	2	3
50997	1	2
50998	1	2
50999	2	1
51016	2	1
51023	2	3
51024	3	2
51025	3	2
51041	2	1
51042	1	2
51043	1	2
51049	1	2
51051	2	1
51055	3	2
51056	3	2
51082	3	2
51083	3	2
51085	3	2
51093	3	2
51094	3	2
51096	2	3
51113	2	1
51124	3	2
51129	2	1
51130	2	1
51132	1	2
51136	2	1
51142	2	3
51147	3	2
51148	2	3
51159	1	2
51161	1	2
51174	1	2
51175	2	3
51189	2	3
51204	1	2
51212	1	2
51215	2	3
51219	3	1
51220	3	2
51222	2	1
51224	2	1
51228	3	2
51236	2	3
51264	2	1
51273	2	1
51276	3	2
51278	1	2
51291	2	3
51293	2	1
51297	2	1
51310	3	2
51318	1	2
51323	3	2
51327	2	3
51330	1	3
51338	3	2
51342	3	2
51344	2	1
51345	2	1
51347	3	2
51385	3	2
51400	1	2
51416	2	1
51439	2	3
51448	1	2
51452	2	3
51454	2	1
51455	2	1
51464	1	2
51476	1	2
51480	2	1
51491	3	2
51496	2	1
51499	3	2
51508	3	2
51521	3	2
51522	2	3
51530	2	3
51537	2	1
51538	2	3
51540	3	2
51541	2	1
51542	2	1
51544	1	2
51558	1	2
51588	1	2
51598	2	1
51609	2	1
51642	1	2
51646	3	2
51657	1	2
51659	2	1
51660	2	1
51661	1	2
51662	1	2
51668	3	2
51669	3	2
51694	3	2
51695	2	3
51711	1	2
51712	1	2
51714	2	1
51716	2	3
51718	2	3
51765	2	1
51766	2	3
51768	3	2
51795	3	2
51807	2	1
51809	2	1
51824	2	3
51826	1	2
51827	1	2
51855	3	2
51857	1	2
51858	1	2
51861	1	2
51865	2	1
51868	1	2
51869	1	2
51874	3	2
51886	1	2
51908	1	2
51913	3	2
51921	1	2
51923	1	2
51924	2	3
51925	3	2
51933	1	2
51935	1	2
51938	2	1
51940	1	2
51967	3	2
51975	1	2
51987	2	1
51992	1	2
52000	1	2
52001	2	1
52008	3	2
52011	3	2
52032	3	2
52033	3	2
52049	2	1
52051	3	2
52071	1	3
52074	1	2
52086	2	3
52091	3	2
52096	3	2
52099	2	3
52100	2	3
52114	1	2
52118	1	2
52124	3	2
52131	2	3
52134	3	2
52145	3	2
52153	2	3
52160	3	2
52163	1	2
52168	1	2
52171	2	3
52172	2	3
52174	2	3
52175	2	3
52176	1	2
52182	1	2
52184	2	1
52199	2	3
52202	1	2
52209	2	1
52220	1	2
52223	3	2
52227	2	1
52228	2	1
52229	2	3
52230	2	3
52232	2	1
52236	1	2
52247	2	3
52252	3	2
52268	2	3
52270	3	2
52271	2	3
52277	3	2
52284	2	1
52295	1	2
52300	2	1
52303	3	2
52307	3	2
52310	3	2
52311	3	2
52312	2	3
52315	2	1
52319	2	3
52322	1	2
52323	3	2
52332	3	2
52340	2	3
52344	3	2
52349	3	2
52350	3	1
52351	3	1
52363	1	2
52365	2	1
52367	1	2
52368	1	2
52376	2	1
52393	1	2
52395	3	2
52398	2	3
52411	2	1
52417	2	3
52420	2	1
52428	2	1
52438	1	2
52440	1	2
52441	1	2
52443	3	2
52459	1	2
52460	2	3
52462	2	1
52463	2	1
52466	2	3
52469	3	2
52476	2	3
52488	3	2
52489	2	3
52502	1	2
52508	3	2
52516	2	3
52518	1	2
52542	1	2
52553	1	2
52561	1	2
52567	2	3
52568	3	2
52570	2	1
52576	2	3
52580	1	2
52589	1	2
52593	2	3
52594	3	2
52606	3	2
52611	2	1
52617	2	1
52620	1	2
52625	3	2
52632	2	1
52634	3	2
52650	3	2
52656	3	2
52662	3	2
52667	3	2
52669	1	2
52678	3	2
52684	2	3
52689	1	2
52690	1	3
52692	3	1
52693	2	3
52694	3	2
52713	2	1
52719	1	2
52745	3	2
52746	1	3
52747	3	2
52757	1	2
52785	2	3
52793	1	2
52798	1	2
52799	2	1
52802	2	1
52814	3	2
52818	2	1
52838	1	2
52846	1	2
52850	3	2
52863	3	2
52877	3	2
52878	3	2
52883	3	2
52893	1	2
52894	2	1
52903	3	2
52904	3	2
52905	3	2
52930	2	1
52943	1	2
52948	3	2
52965	3	2
52989	1	2
52998	3	2
53001	1	2
53010	3	2
53022	1	2
53030	1	2
53034	1	2
53050	2	3
53058	3	2
53065	2	1
53084	2	3
53090	1	2
53093	3	2
53094	1	2
53096	2	1
53099	2	1
53105	2	3
53106	1	2
53112	3	2
53115	3	1
53121	2	3
53136	3	2
53138	2	3
53150	2	3
53156	2	3
53162	2	3
53171	1	3
53182	2	3
53188	2	3
53193	1	2
53196	1	2
53200	2	1
53207	3	2
53208	2	3
53209	2	1
53220	2	3
53227	3	2
53247	3	2
53249	2	3
53262	2	3
53266	3	2
53273	1	2
53280	3	2
53288	1	2
53290	2	1
53293	2	3
53303	2	3
53305	3	2
53308	2	3
53342	1	2
53351	3	2
53362	3	2
53368	2	3
53384	2	1
53389	3	2
53393	1	2
53404	3	2
53406	2	3
53409	3	2
53410	3	2
53422	2	3
53423	1	2
53431	3	2
53432	2	3
53439	3	2
53440	2	3
53442	2	3
53447	2	1
53467	3	2
53468	3	2
53480	1	2
53484	1	3
53500	1	2
53502	2	1
53506	2	1
53509	1	2
53522	2	1
53524	2	1
53542	1	2
53545	2	1
53549	1	2
53551	3	2
53560	2	3
53566	2	3
53579	2	1
53583	1	2
53585	3	2
53601	1	2
53610	2	3
53611	2	1
53612	3	1
53631	1	2
53632	1	2
53641	3	2
53643	1	2
53660	3	2
53662	1	2
53681	2	3
53698	2	3
53699	2	3
53703	1	2
53713	3	2
53721	2	1
53723	2	1
53729	2	1
53730	2	1
53743	3	2
53748	3	2
53758	2	3
53762	2	3
53768	3	2
53773	3	2
53774	3	2
53776	1	2
53781	2	1
53802	2	3
53804	2	3
53817	1	2
53821	2	3
53825	2	3
53828	3	2
53830	3	2
53832	2	1
53834	2	1
53839	3	2
53840	2	3
53851	2	3
53853	3	2
53854	3	2
53855	2	3
53861	1	2
53862	2	3
53867	1	2
53869	1	2
53877	3	2
53881	2	3
53884	2	1
53887	1	2
53890	3	2
53894	2	1
53901	3	2
53905	2	1
53913	2	1
53918	3	2
53952	2	1
53969	2	1
53977	3	2
53978	3	2
53980	3	2
53984	3	2
53986	3	2
53992	3	2
53993	3	2
53995	2	1
54000	2	1
54001	2	1
54018	2	3
54019	2	3
54021	3	2
54026	2	1
54036	1	2
54038	1	2
54040	1	2
54049	1	2
54054	2	3
54056	2	3
54057	2	3
54068	1	2
54087	2	3
54088	3	2
54094	3	2
54101	2	1
54111	1	2
54113	3	2
54115	3	2
54119	3	2
54122	2	3
54148	1	2
54153	3	2
54167	2	1
54172	3	2
54177	2	3
54178	3	2
54185	2	1
54189	1	2
54191	2	1
54196	2	1
54197	1	2
54207	2	3
54208	3	2
54214	2	1
54217	2	1
54219	3	2
54223	1	2
54225	2	1
54238	3	2
54242	2	3
54246	2	3
54252	1	2
54263	2	3
54283	2	3
54286	2	3
54297	3	2
54325	3	2
54335	2	3
54336	3	2
54354	2	3
54378	2	1
54379	2	3
54380	3	2
54399	2	1
54403	1	2
54404	2	3
54409	2	1
54417	1	2
54418	2	1
54419	2	1
54434	2	3
54441	1	2
54458	3	2
54459	2	3
54472	2	3
54474	3	2
54476	3	2
54478	1	2
54479	2	3
54492	3	2
54493	3	2
54501	3	2
54504	3	2
54505	2	3
54508	3	2
54512	2	1
54513	2	1
54521	1	2
54526	2	1
54540	3	2
54543	2	1
54562	1	2
54583	2	3
54591	3	1
54594	1	2
54595	2	3
54596	2	3
54597	1	2
54600	2	1
54601	1	2
54604	2	3
54605	3	2
54636	1	2
54641	2	1
54647	2	3
54651	1	2
54657	1	2
54673	3	2
54682	3	2
54701	2	3
54718	2	3
54727	2	3
54740	1	2
54747	3	2
54753	1	2
54761	1	2
54763	1	2
54771	2	1
54779	1	2
54783	3	2
54787	3	2
54790	2	1
54808	2	3
54819	3	2
54822	2	3
54828	2	3
54848	3	2
54864	3	2
54882	2	1
54884	2	3
54887	3	2
54889	2	1
54890	1	2
54893	1	2
54904	2	3
54908	1	2
54920	2	1
54926	3	2
54933	3	2
54937	3	2
54940	3	2
54945	2	3
54949	3	2
54951	3	2
54955	2	1
54965	3	2
54972	2	3
54974	2	1
54977	3	2
54978	3	2
54988	3	2
54994	1	2
54999	1	2
