Rank	#Visits	Model_size	log_Post_Prob	Model_Post_Prob	Jeffreys_scale	Model
1	37781	2	-3524.59599835319	0.7690588987796098	44.44177488888977	4	13	
2	1351	3	-3528.021221509642	0.02502672869437244	43.65598227727568	4	11	13	
3	1166	3	-3528.157931467219	0.02182889266580789	43.59660989707863	4	6	13	
4	1015	3	-3528.212188091068	0.02067608710303209	43.57304654473425	4	7	13	
5	1045	3	-3528.236351931961	0.02018246138901166	43.56255232197306	4	13	15	
6	1012	3	-3528.291603965624	0.01909758611265769	43.53855666863918	2	4	13	
7	943	3	-3528.348926738133	0.01803364487693715	43.51366170485113	4	13	14	
8	610	3	-3528.794945775006	0.0115446270256402	43.31995809831312	4	9	13	
9	510	3	-3528.86107886574	0.01080584342210037	43.29123686193625	4	8	13	
10	505	3	-3529.024170692115	0.009179706376941175	43.22040698169808	4	5	13	
11	492	3	-3529.031550912538	0.009112207505109287	43.217201792693	4	12	13	
12	474	3	-3529.042580496086	0.009012255876822967	43.21241170542083	4	13	16	
13	425	3	-3529.049300822662	0.00895189362832673	43.20949310467199	4	10	13	
14	442	3	-3529.071487651627	0.008755466599550272	43.19985748728156	1	4	13	
15	449	3	-3529.080180077665	0.008679690171330672	43.19608241461885	3	4	13	
16	68	3	-3531.252680137562	0.000988551808605841	42.25257762667122	2	5	13	
17	29	4	-3531.677565692458	0.0006463592719231461	42.69072662126522	4	11	13	15	
18	33	4	-3531.743160811488	0.0006053218975777395	42.66223902303103	4	6	11	13	
19	30	4	-3531.792451866002	0.0005762083558151199	42.64083219004821	4	7	11	13	
20	34	4	-3531.853984900155	0.0005418213258459921	42.61410873286062	4	6	9	13	
21	39	4	-3531.891690661303	0.0005217719050251393	42.59773332885842	2	4	11	13	
22	40	4	-3531.959531658758	0.0004875483823588158	42.56827035801679	4	7	9	13	
23	25	4	-3531.959926002347	0.0004873561586834587	42.56809909677209	3	4	6	13	
24	19	4	-3532.045315903186	0.0004474681164182223	42.53101473402729	4	9	13	15	
25	17	4	-3532.061043092073	0.0004404857512388177	42.52418450267801	4	8	11	13	
26	26	4	-3532.082139825751	0.0004312902789225912	42.5150223076553	4	6	13	14	
27	22	4	-3532.089376490374	0.0004281804418149306	42.51187946414246	4	11	13	16	
28	15	3	-3532.095654843141	0.0004255005952669042	41.88647836365431	3	4	6	
29	27	4	-3532.119598082906	0.0004154337300996091	42.49875439327143	4	13	14	15	
30	30	4	-3532.122085218775	0.0004144017738077454	42.49767424388751	4	11	13	14	
31	24	4	-3532.155257834029	0.0004008804912606014	42.4832675601324	4	10	11	13	
32	37	4	-3532.16168713227	0.0003983113786686787	42.48047535138399	4	7	13	14	
33	15	4	-3532.188989165088	0.0003875837773536235	42.46861822918651	4	10	13	14	
34	17	4	-3532.192389215313	0.0003862682108077258	42.46714160613557	4	9	13	14	
35	29	4	-3532.194136641096	0.0003855938251680667	42.46638270876051	2	4	5	13	
36	19	4	-3532.202732598743	0.0003822934821044579	42.46264953178764	4	9	11	13	
37	13	4	-3532.232585448647	0.0003710495981800387	42.44968460380532	2	4	9	13	
38	21	4	-3532.256095453148	0.0003624279648843263	42.43947433858079	2	4	13	15	
39	20	4	-3532.260646078891	0.0003607824377860128	42.43749802693144	3	4	13	15	
40	31	4	-3532.273787255212	0.000356072347999885	42.43179088656954	2	3	4	13	
41	12	4	-3532.278746846177	0.0003543107468215939	42.42963696358115	1	2	4	13	
42	15	4	-3532.279201349213	0.0003541497481014323	42.42943957542059	4	7	13	15	
43	17	4	-3532.287021515386	0.0003513910390617192	42.42604332040403	1	4	11	13	
44	15	4	-3532.288525301501	0.0003508630192102492	42.42539023439237	2	4	6	13	
45	25	4	-3532.303385163825	0.00034568778987825	42.41893667818298	1	4	6	13	
46	18	4	-3532.322070359372	0.0003392885179339292	42.41082180086371	4	5	11	13	
47	17	4	-3532.322230545548	0.000339234172956337	42.41075223289125	2	4	7	13	
48	12	4	-3532.323712938128	0.0003387316672830226	42.41010843797399	3	4	11	13	
49	29	4	-3532.324302380526	0.0003385320633099298	42.40985244639295	4	11	12	13	
50	10	4	-3532.334500010269	0.0003350973812450126	42.40542367206714	4	6	8	13	
51	29	4	-3532.339267319456	0.0003335036702957687	42.40335325599382	2	4	12	13	
52	14	4	-3532.339421501512	0.0003334522539778455	42.40328629557744	4	5	6	13	
53	16	4	-3532.345448575948	0.0003314485567039926	42.4006687704078	4	6	13	15	
54	7	4	-3532.348952759786	0.0003302891326326424	42.39914692270369	3	4	7	13	
55	23	4	-3532.349809642014	0.0003300062349670348	42.39877478348036	4	7	8	13	
56	8	4	-3532.370982135627	0.0003230926274841593	42.3895796863359	4	6	7	13	
57	17	4	-3532.390721159894	0.0003167776253014735	42.38100713701859	2	4	13	14	
58	19	4	-3532.397034684873	0.0003147839420584588	42.37826520795912	1	4	13	15	
59	17	4	-3532.404375190137	0.0003124817289159711	42.3750772670284	4	6	13	16	
60	25	4	-3532.406708871227	0.0003117533464509833	42.37406376220847	4	8	13	14	
61	17	4	-3532.407920133857	0.0003113759598760526	42.37353771753232	4	6	10	13	
62	19	4	-3532.416416791498	0.0003087415127937521	42.36984766600402	4	8	13	15	
63	11	4	-3532.421336896519	0.0003072262029251146	42.367710891543	4	6	12	13	
64	15	4	-3532.43286477509	0.0003037048722963234	42.36270439749173	2	4	10	13	
65	19	4	-3532.433587381132	0.0003034854925927074	42.36239057367509	2	4	8	13	
66	14	4	-3532.451912303255	0.0002979747903781277	42.35443216111569	4	7	10	13	
67	12	4	-3532.453990065332	0.0002973563124062946	42.35352980051091	4	13	15	16	
68	8	4	-3532.454477567932	0.0002972113857598721	42.35331808082192	1	4	7	13	
69	14	4	-3532.458668409321	0.0002959684263253589	42.35149802153229	4	10	13	15	
70	8	4	-3532.485695633805	0.0002880763520630425	42.3397602470774	4	7	12	13	
71	10	4	-3532.494420593896	0.0002855738304641204	42.33597104505523	4	7	13	16	
72	11	4	-3532.505153051296	0.0002825253098153082	42.33130999802931	3	4	13	14	
73	25	4	-3532.51470950593	0.0002798382294398827	42.32715968251517	4	5	13	15	
74	11	4	-3532.514853303097	0.000279797992388113	42.32709723219869	4	5	7	13	
75	13	4	-3532.534964285215	0.0002742271849302141	42.31836314363948	4	12	13	15	
76	10	3	-3532.541665290066	0.0002723957303798397	41.69277848768361	4	5	6	
77	7	4	-3532.56802631453	0.0002653089180665976	42.30400448674734	2	4	13	16	
78	16	4	-3532.583630619041	0.0002612010901707253	42.29722762340435	1	4	13	14	
79	10	4	-3532.637398175475	0.0002475278286456952	42.27387667033956	4	12	13	14	
80	17	4	-3532.638382311537	0.0002472843474122676	42.27344926547858	4	5	13	14	
81	11	4	-3532.6449074109	0.0002456760453460356	42.27061545083097	4	13	14	16	
82	7	4	-3532.836028829186	0.0002029363455093785	42.18761247349603	4	8	9	13	
83	12	4	-3532.981517784668	0.0001754586505014769	42.12442742295231	3	4	9	13	
84	6	4	-3533.028964982558	0.0001673280417604037	42.10382136672709	4	5	9	13	
85	9	4	-3533.037395643835	0.0001659232855504218	42.10015997705565	4	9	12	13	
86	16	4	-3533.06744610244	0.0001610113867591148	42.08710922870472	4	9	13	16	
87	14	4	-3533.090445432349	0.000157350493179035	42.07712074663757	1	4	9	13	
88	10	4	-3533.098171274021	0.0001561395121291609	42.07376545623145	4	9	10	13	
89	11	4	-3533.127226177114	0.0001516681655561476	42.06114707214618	4	8	13	16	
90	8	4	-3533.128743997188	0.0001514381351862923	42.06048789126322	4	5	8	13	
91	7	4	-3533.12980096819	0.0001512781540315451	42.06002885458989	4	8	10	13	
92	9	4	-3533.134818516846	0.0001505210096259838	42.05784976089579	4	8	12	13	
93	8	4	-3533.153691680706	0.0001477068416065462	42.04965324997533	3	4	8	13	
94	11	4	-3533.159955883688	0.0001467844679529609	42.04693274118671	1	4	8	13	
95	7	4	-3533.237055324151	0.0001358927356361704	42.01344887963564	3	4	6	14	
96	12	4	-3533.257777665143	0.0001331056967475484	42.00444928129087	1	4	5	13	
97	8	4	-3533.27776295663	0.0001304719463956595	41.99576977947862	4	5	10	13	
98	5	4	-3533.280793622602	0.0001300771280908308	41.99445357797054	1	4	12	13	
99	11	4	-3533.281537738781	0.0001299803715988866	41.99413041242039	3	4	5	13	
100	7	4	-3533.289582619729	0.0001289388898989889	41.99063656501706	4	10	12	13	
101	7	4	-3533.3131202426	0.0001259394136845034	41.98041430528682	4	5	13	16	
102	4	4	-3533.315053453725	0.0001256961813943167	41.97957472236283	3	4	12	13	
103	5	4	-3533.315223579047	0.0001256747991099505	41.97950083787454	4	12	13	16	
104	6	4	-3533.321209924402	0.0001249247137351554	41.97690100112018	4	5	12	13	
105	4	4	-3533.325742946412	0.0001243597088154414	41.97493233467448	1	4	13	16	
106	5	4	-3533.326876210071	0.0001242188563034342	41.97444016452099	4	10	13	16	
107	6	4	-3533.339657037092	0.0001226413390496442	41.96888952187149	3	4	13	16	
108	7	4	-3533.34476631068	0.0001220163289287873	41.96667059254588	1	4	10	13	
109	3	4	-3533.351787075653	0.0001211626810973655	41.96362151305944	3	4	10	13	
110	1	4	-3533.374732298119	0.0001184142289316157	41.95365652955633	1	3	4	13	
111	7	2	-3533.511564872703	0.0001032709707166315	40.56979354642367	4	6	
112	9	2	-3533.615978091289	9.303196082007582e-05	40.52444746175394	4	14	
113	8	4	-3533.797753263507	7.756900494818753e-05	41.76994085855899	4	5	6	14	
114	2	3	-3534.361689141485	4.413407009319855e-05	40.90235217207978	4	6	14	
115	4	3	-3534.484562988843	3.903107802739887e-05	40.84898873820225	4	5	14	
116	1	3	-3534.581603737748	3.542144587508521e-05	40.80684447643311	2	4	6	
117	2	5	-3534.690762585317	3.175844279580665e-05	41.93368083687313	4	11	13	15	16	
118	1	3	-3534.85684824887	2.689856504855584e-05	40.68730730407833	3	4	14	
119	8	3	-3535.038365811362	2.243350003136391e-05	40.60847522831973	4	12	14	
120	3	4	-3535.065520552311	2.183252079587033e-05	41.21935652069379	4	11	15	16	
121	1	4	-3535.123380477035	2.060514317041958e-05	41.19422827466293	2	4	6	14	
122	1	5	-3535.169515494334	1.967611956882463e-05	41.72576109029202	4	6	11	13	16	
123	1	4	-3535.252429246355	1.811050114476685e-05	41.13818310625066	1	2	5	13	
124	1	4	-3535.268662071788	1.78188897827344e-05	41.1311332797395	2	5	9	13	
125	2	3	-3535.282452639236	1.757484381523257e-05	40.50246966586875	3	4	15	
126	4	4	-3535.287839163204	1.748043100449507e-05	41.12280477475851	4	5	14	15	
127	3	4	-3535.310075653965	1.709601740635991e-05	41.11314758952417	2	5	13	14	
128	1	4	-3535.321820335137	1.68964046213748e-05	41.10804693929951	3	4	5	6	
129	3	3	-3535.3292179104	1.677187337904555e-05	40.48215976665768	4	7	14	
130	1	4	-3535.390635431426	1.577278140673044e-05	41.07816092270967	2	5	8	13	
131	3	4	-3535.404922238917	1.554904079040852e-05	41.07195624105218	2	5	10	13	
132	2	4	-3535.471215244873	1.455167264256501e-05	41.04316555437665	2	5	13	15	
133	1	5	-3535.507661824895	1.403086246640806e-05	41.57890600485359	4	6	9	13	14	
134	1	4	-3535.528784259746	1.373760455183183e-05	41.01816364888869	3	4	6	10	
135	1	4	-3535.529669456886	1.372544944419661e-05	41.01777921265531	2	5	6	13	
136	2	5	-3535.537136587645	1.362334141990807e-05	41.56610527803588	4	6	9	11	13	
137	2	5	-3535.543314595396	1.353943576279206e-05	41.56342220336036	3	4	6	11	13	
138	2	5	-3535.601681438027	1.277180174504798e-05	41.53807380567955	3	4	11	13	15	
139	3	5	-3535.622477911464	1.250893612218885e-05	41.52904201202289	4	7	9	11	13	
140	3	5	-3535.623408955214	1.24972951753505e-05	41.52863766485989	2	4	5	11	13	
141	3	5	-3535.652205179463	1.214255240028258e-05	41.51613162356903	4	8	11	13	15	
142	1	5	-3535.695176059611	1.163182796088816e-05	41.49746960743803	4	7	11	13	15	
143	1	5	-3535.697054501739	1.160999875409399e-05	41.4966538103874	2	3	4	6	13	
144	1	5	-3535.700986272867	1.156444051716643e-05	41.4949462638824	2	4	11	13	15	
145	3	5	-3535.702665581693	1.154503654732521e-05	41.49421694932578	1	4	6	11	13	
146	1	5	-3535.703459861311	1.153587020090639e-05	41.49387199807047	4	5	6	11	13	
147	1	4	-3535.709683485271	1.146429823225251e-05	40.93960011346257	3	4	6	11	
148	1	5	-3535.722937587251	1.131335179384379e-05	41.48541292917497	4	7	8	11	13	
149	2	5	-3535.724068847855	1.130056068106166e-05	41.48492162893692	2	4	11	12	13	
150	1	5	-3535.725926753713	1.127958479481509e-05	41.48411475067477	4	5	11	13	15	
151	2	5	-3535.738981487991	1.113328981132326e-05	41.47844515161519	4	11	13	14	15	
152	1	5	-3535.739757343041	1.112465534218589e-05	41.4781082020484	4	6	11	13	15	
153	1	5	-3535.760860116518	1.089235398274711e-05	41.4689433839744	4	11	12	13	15	
154	1	2	-3535.76599146828	1.083660464001167e-05	39.5907085161086	4	15	
155	1	3	-3535.76882364943	1.080595683317571e-05	40.29124141998358	4	7	12	
156	1	5	-3535.784329423785	1.06396944495117e-05	41.45875079333401	4	6	11	12	13	
157	1	4	-3535.794028581483	1.053699721860262e-05	40.90296950360229	3	4	7	14	
158	1	5	-3535.799759180435	1.047678659961791e-05	41.45204973516417	2	4	6	11	13	
159	2	5	-3535.802745533722	1.044554588463516e-05	41.4507527784103	1	4	6	9	13	
160	1	5	-3535.804959961891	1.042244056557066e-05	41.44979106447621	4	10	13	14	15	
161	4	5	-3535.808457306688	1.03860533636678e-05	41.44827218692942	4	7	9	13	15	
162	1	5	-3535.814241288133	1.032615401906705e-05	41.44576023570447	2	4	5	6	13	
163	1	5	-3535.836758297909	1.009623813137712e-05	41.43598122260958	4	6	8	9	13	
164	1	5	-3535.843059347805	1.003282123748467e-05	41.43324471140988	1	4	7	11	13	
165	1	5	-3535.84966984527	9.96671802639283e-06	41.43037380883786	4	7	11	12	13	
166	1	5	-3535.855095883286	9.912784689986234e-06	41.42801731046925	4	7	11	13	14	
167	1	5	-3535.858674595881	9.877373084334843e-06	41.42646309533679	4	6	9	13	16	
168	1	4	-3535.86199356454	9.844644734863805e-06	40.8734526864981	2	4	7	14	
169	2	5	-3535.864453918436	9.820453196912133e-06	41.42395316744217	2	4	6	9	13	
170	1	5	-3535.879503672198	9.673764378442549e-06	41.41741714242913	4	6	7	9	13	
171	2	5	-3535.89121552143	9.561127588594819e-06	41.41233075093493	4	7	8	9	13	
172	1	5	-3535.916022641437	9.326861298783649e-06	41.40155715560391	4	7	10	13	14	
173	2	5	-3535.928848754498	9.207997828921329e-06	41.39598684547735	3	4	7	13	14	
174	2	5	-3535.939517892127	9.11027864943405e-06	41.39135329787837	2	4	7	9	13	
175	3	5	-3535.944188283237	9.067829289734483e-06	41.38932497279085	4	8	11	13	16	
176	1	4	-3535.968252026258	8.852227868363876e-06	40.82730522291845	1	3	4	6	
177	1	5	-3535.979353518243	8.754498406753533e-06	41.37405290527295	4	11	13	14	16	
178	1	5	-3535.992064517508	8.643924226880143e-06	41.36853258843269	4	8	11	13	14	
179	1	5	-3535.993004128175	8.635806117995616e-06	41.36812452070465	4	6	9	10	13	
180	1	5	-3536.000584817073	8.570588268868914e-06	41.36483226934739	1	4	6	13	14	
181	1	5	-3536.009573202778	8.493897694343705e-06	41.36092866303432	2	4	11	13	14	
182	1	5	-3536.025600415493	8.358849304686819e-06	41.3539681329923	4	9	13	15	16	
183	3	5	-3536.026096119625	8.354706815353821e-06	41.35375285142295	1	4	9	13	15	
184	1	5	-3536.032218588175	8.303711653068589e-06	41.35109389711621	4	8	9	13	15	
185	1	5	-3536.033775311217	8.290795130136336e-06	41.35041782088919	1	4	7	9	13	
186	2	5	-3536.041208790713	8.229394168652789e-06	41.34718950176241	4	7	9	13	16	
187	1	5	-3536.059775586554	8.078010391869373e-06	41.33912604478213	4	8	10	13	14	
188	1	5	-3536.064730647242	8.038082364738754e-06	41.33697408926815	4	9	10	11	13	
189	1	5	-3536.064781177944	8.037676205051662e-06	41.33695214406287	4	6	13	14	16	
190	1	5	-3536.098177129382	7.773683047445683e-06	41.32244846663533	3	4	6	10	13	
191	1	5	-3536.103608490655	7.731575819690951e-06	41.32008965640537	4	8	13	14	15	
192	1	5	-3536.107714482621	7.699895116354351e-06	41.31830644675166	4	7	8	13	14	
193	3	5	-3536.111585568884	7.670145776422259e-06	41.31662525534859	2	4	9	12	13	
194	1	5	-3536.115576061028	7.639599108618649e-06	41.31489220663072	4	7	13	14	15	
195	1	5	-3536.135241452012	7.490830991149683e-06	41.30635163584196	2	4	6	12	13	
196	1	5	-3536.162438837106	7.28984550473521e-06	41.29453996157343	3	4	9	13	15	
197	1	5	-3536.165435733194	7.268031299040564e-06	41.29323842613957	2	4	5	10	13	
198	1	5	-3536.180703154966	7.157909973154964e-06	41.28660786911109	4	6	7	13	14	
199	1	5	-3536.184859635388	7.128220006114414e-06	41.28480273259952	4	5	11	13	16	
200	1	5	-3536.188225608792	7.10426694246193e-06	41.28334090892412	2	3	4	8	13	
201	1	5	-3536.202313198231	7.004886604787263e-06	41.27722274656725	2	4	6	13	14	
202	1	5	-3536.215812290748	6.910962364721867e-06	41.27136016517656	1	2	4	7	13	
203	2	5	-3536.215925139032	6.910182518477636e-06	41.27131115578931	4	11	12	13	16	
204	1	5	-3536.217468930277	6.899522869459244e-06	41.27064069577048	1	4	11	13	16	
205	2	5	-3536.219737813561	6.883886402722012e-06	41.26965533228029	2	4	13	15	16	
206	2	5	-3536.23299474036	6.793229468472606e-06	41.26389792212451	1	4	10	11	13	
207	1	5	-3536.257070215943	6.631632307967656e-06	41.25344207592933	2	4	5	12	13	
208	1	5	-3536.281778204646	6.469785697589042e-06	41.24271153277684	2	4	8	12	13	
209	1	5	-3536.287537526425	6.432631214924256e-06	41.24021029110857	4	5	10	11	13	
210	1	5	-3536.292500812969	6.400783323460812e-06	41.23805476315064	4	7	13	15	16	
211	1	5	-3536.293413783214	6.394942265504685e-06	41.23765826521117	4	7	8	13	15	
212	1	5	-3536.308684407933	6.298029345745408e-06	41.23102631716008	4	9	13	14	16	
213	2	5	-3536.312419804452	6.274547592986105e-06	41.22940405506436	2	4	7	8	13	
214	2	5	-3536.321092174664	6.220367667106683e-06	41.22563769253625	2	4	6	13	16	
215	1	5	-3536.322799300444	6.209757775888231e-06	41.22489629723015	2	4	9	10	13	
216	1	5	-3536.324169158456	6.201257113123869e-06	41.2243013754544	2	4	5	13	16	
217	1	5	-3536.333577105739	6.143189589512672e-06	41.22021555586361	2	4	6	13	15	
218	1	5	-3536.338989804583	6.110028181639627e-06	41.21786485062331	1	3	4	13	15	
219	1	5	-3536.340438331273	6.101184049770478e-06	41.21723576347507	4	9	11	12	13	
220	1	5	-3536.351935345483	6.031440340491588e-06	41.21224267364515	4	5	6	13	15	
221	2	5	-3536.385685531385	5.831274917784665e-06	41.19758515414484	3	4	10	13	15	
222	2	5	-3536.392173941966	5.793561693655297e-06	41.19476727323303	3	4	6	14	16	
223	1	5	-3536.39604094575	5.771201230526044e-06	41.1930878548282	1	4	5	11	13	
224	1	5	-3536.39647541866	5.768694344562294e-06	41.19289916564105	1	2	4	13	16	
225	1	5	-3536.401109642001	5.742022775316757e-06	41.1908865480158	1	4	6	13	16	
226	1	5	-3536.424883605654	5.60712205080331e-06	41.18056164678845	4	6	8	13	16	
227	1	5	-3536.431245582178	5.571562905112548e-06	41.17779867549019	4	10	13	15	16	
228	1	5	-3536.448474124783	5.476395151058698e-06	41.17031641450534	4	5	6	10	13	
229	1	5	-3536.456062245617	5.434996869146303e-06	41.1670209354995	2	4	12	13	16	
230	3	3	-3536.457632160176	5.426471082561324e-06	39.99209568467891	1	4	14	
231	3	5	-3536.462880126683	5.398067739152813e-06	41.16405996737401	2	4	10	13	16	
232	1	5	-3536.475670595021	5.329463599464395e-06	41.15850513755379	2	4	13	14	16	
233	1	5	-3536.485354986696	5.278100100112156e-06	41.15429925968898	4	5	7	8	13	
234	2	5	-3536.486343290388	5.272886311122516e-06	41.15387004484896	3	4	7	12	13	
235	2	5	-3536.493671696681	5.234385704251537e-06	41.15068735843485	1	4	8	13	14	
236	1	5	-3536.526512219823	5.065277734793575e-06	41.13642490045142	1	4	12	13	15	
237	1	5	-3536.537165485441	5.011602402088122e-06	41.13179824597938	4	8	13	14	16	
238	1	5	-3536.570930545394	4.845210274650728e-06	41.11713426676061	4	7	10	12	13	
239	2	5	-3536.596862121788	4.721181416331734e-06	41.10587232622575	4	10	12	13	15	
240	1	5	-3536.622654488357	4.600967933925816e-06	41.0946708437494	1	3	4	13	14	
241	1	5	-3536.633615629971	4.55081146111902e-06	41.08991048043119	4	5	7	13	16	
242	2	5	-3536.774256443234	3.953750993433431e-06	41.02883095130051	4	5	12	13	14	
243	2	4	-3536.879170574151	3.559964653363108e-06	40.43169832410488	4	6	11	12	
244	1	5	-3536.938699066891	3.354229622175284e-06	40.95741442725672	4	8	9	12	13	
245	1	5	-3537.2056420934	2.568389623164291e-06	40.84148254386105	4	9	10	13	16	
246	1	4	-3537.210675884704	2.555493371566326e-06	40.28772739701029	4	14	15	16	
247	1	5	-3537.229964914839	2.506672747854521e-06	40.83091927672598	1	4	9	10	13	
248	1	5	-3537.267482430005	2.414370909309396e-06	40.81462562691478	3	4	8	10	13	
249	1	5	-3537.36265294687	2.19518920999581e-06	40.77329359660043	3	4	6	7	14	
250	1	4	-3537.414582938227	2.084102385303411e-06	40.19917168884413	3	4	7	15	
251	1	5	-3537.430007906083	2.052201837964277e-06	40.74404170948524	3	4	12	13	16	
252	1	5	-3537.447296595195	2.017026898827687e-06	40.73653332720461	4	5	12	13	16	
253	1	5	-3537.815522754994	1.395703284936395e-06	40.5766147379116	4	5	6	12	14	
254	1	5	-3537.878671313441	1.310291821219628e-06	40.54918966743784	1	4	5	6	14	
255	1	4	-3537.993354608485	1.168319722133203e-06	39.94781434616915	4	7	11	16	
256	1	5	-3538.123511202757	1.02573557296742e-06	40.44285705455822	1	4	11	15	16	
257	2	5	-3538.216282156067	9.348576886488492e-07	40.40256714145467	3	4	12	14	15	
258	1	5	-3538.460891226903	7.320034610898067e-07	40.29633477176718	1	3	4	14	15	
259	2	6	-3538.545547640585	6.725852226200333e-07	40.74603023942105	4	8	11	13	15	16	
260	1	6	-3538.621500344639	6.233923678513674e-07	40.71304439916493	4	10	11	13	15	16	
261	1	5	-3538.67879709086	5.886780196610554e-07	40.20169945747602	4	7	9	12	14	
262	1	5	-3539.125508242347	3.765942043769001e-07	40.00769526938083	4	6	12	14	15	
263	1	6	-3539.295592453315	3.176925260452436e-07	40.42028991607234	3	4	5	6	13	14	
264	1	3	-3539.483576169077	2.63248986233078e-07	38.67794489906471	4	7	8	
265	1	6	-3539.559110462221	2.440970780179259e-07	40.30584549892234	2	4	5	6	13	14	
266	1	6	-3539.638753758788	2.254103931459909e-07	40.27125685470264	4	7	8	9	13	15	
267	1	6	-3539.987134244218	1.591014779752158e-07	40.11995713227763	1	4	8	10	13	14	
268	0	1	-3541.153111948172	4.957885939240695e-08	36.45925929028238	4	
269	1	7	-3544.177488214678	2.408943463377603e-09	38.72607825795789	1	3	4	6	12	14	15	
270	1	8	-3546.906701623803	1.572332111119662e-10	37.90987920308815	1	4	5	7	9	10	13	14	
271	0	1	-3553.20763134724	2.884597841416257e-13	31.22404803327169	7	
272	0	1	-3559.310774660543	6.449466792319737e-16	28.57348657003947	13	
273	0	1	-3559.694001399393	4.396332720076689e-16	28.40705331203904	5	
274	0	1	-3566.379130496166	5.492573477046871e-19	25.50373863449988	14	
275	0	1	-3587.685078330727	3.067046067131039e-28	16.25068305823119	1	
276	0	1	-3588.992256388068	8.298891410901576e-29	15.68298284106301	3	
277	0	1	-3601.310751501384	3.708221169815299e-34	10.33312838799781	11	
278	0	1	-3605.753927309511	4.360325325187723e-36	8.403481652402293	10	
279	0	1	-3622.035398323995	3.703103703926242e-43	1.332528633544177	16	
280	0	1	-3622.992910269964	1.421424248637896e-43	0.9166864790533333	12	
281	0	0	-3623.036193540948	1.361212831170399e-43	0	
282	0	1	-3624.102905526973	4.684453204549011e-44	0.4346216639955843	2	
283	0	1	-3624.360242777203	3.621585620705409e-44	0.3228615162322575	15	
284	0	1	-3625.180296609675	1.594975083100152e-44	-0.03328333807385268	8	
285	0	1	-3626.885712510486	2.898018728438705e-45	-0.773936053146222	6	
286	0	1	-3626.982460312995	2.630777694759863e-45	-0.8159530899119797	9	
