847
1
0.51536
1.421874
-0.2883574
0.8506733
3.005165
0.02944258
1.607287
2.243445
-0.07988105
1.963751
0.06272755
2.272397
1.278777
0.9361472
0.3439762
0.4130283
1.836037
3.284176
0.9823137
2.702829
0.4997761
2.130597
2.605898
2.041501
2.306631
1.117901
3.491513
3.365264
1.623071
1.838481
1.706333
1.434078
1.996914
2.227273
2.216638
0.809775
1.553551
1.310553
0.5701009
2.525694
-0.3069678
2.472545
2.752481
0.4862993
4.608645
1.632198
3.258749
1.791176
2.924665
-0.2780209
0.4499558
0.4975427
-0.4219226
2.016684
3.002954
2.500317
0.5541024
1.218055
1.628838
2.036984
1.907633
3.062844
1.642431
-0.4512269
0.8228345
1.067085
1.961655
1.99842
1.369286
0.8089287
1.732597
1.64447
1.334602
0.7603867
4.499842
0.863454
0.5073005
1.376544
2.84231
1.593731
1.937414
1.055717
2.008105
2.291343
1.86591
2.344841
0.3920969
3.580895
1.10688
1.720162
1.969748
2.239501
2.225037
3.198827
0.3214929
1.483228
2.400524
0.5544509
1.440365
1.11229
3.75353
3.160947
3.5228
0.4528965
1.615665
3.359873
3.048558
2.470424
0.7161774
0.2199303
-1.043167
1.958653
2.037655
1.336245
2.264292
1.75644
0.7998162
2.680738
0.1408597
1.154527
-0.03904921
1.59475
2.456445
0.8351199
0.8800226
1.355822
2.683948
0.5903193
1.607635
0.2116777
-0.8583885
1.553828
1.703164
1.192205
1.307198
1.536316
1.005609
0.4284085
3.18079
0.2936015
2.256941
1.045707
2.432359
1.472834
2.858721
2.21217
3.542869
2.403606
-0.5301543
0.7267893
2.594675
1.981435
1.170246
0.4466889
2.428483
2.967886
-1.826644
2.163084
0.4736204
3.429393
0.5564949
1.145496
2.171726
0.3656486
2.059513
1.377255
2.677592
0.6803128
3.286751
-1.003315
0.6496355
-0.3565172
2.025588
3.672241
2.611347
1.352399
-0.1101782
-0.09964753
1.698428
-0.2319958
3.098045
-0.2407981
2.435208
1.265014
-0.01685431
0.576054
2.554016
1.462877
0.3295364
0.8182697
1.688676
0.3160401
3.551547
0.401339
0.4206583
2.904233
1.80689
0.7008867
2.473589
0.9905243
-0.5532108
1.22992
1.869038
0.2394728
1.758578
-1.167282
1.213633
0.7922606
1.574822
2.623353
1.923498
1.835434
3.229212
0.8787366
0.7207116
3.945758
2.671008
-0.8939993
1.737538
0.7925569
3.447484
2.521828
2.084277
0.97918
1.670577
2.322033
5.335876
2.859349
3.019969
0.9414659
3.234849
2.582081
1.312042
1.600518
2.21553
-0.1284803
3.517346
0.1237822
1.2889
1.473861
1.705369
3.347721
0.6594823
2.463447
1.480712
2.410938
0.1585329
1.566183
1.652895
1.946409
3.108108
1.117413
1.298021
3.421783
1.497343
2.842135
2.621686
0.6557665
2.863029
-0.6085096
0.6467199
4.523279
1.600455
0.5655856
2.992926
2.982216
1.864197
0.9264045
0.4378827
1.181246
2.672375
1.027453
1.510731
1.260572
2.678909
1.657347
1.451111
2.2274
0.417104
1.975003
3.093791
0.2361956
1.722353
4.295794
2.442065
2.498112
1.569295
0.7392162
1.827657
-0.4449101
1.268607
-1.158173
2.87834
2.271786
3.463712
1.479342
0.7329773
3.249405
2.375745
1.808045
1.577179
4.391628
4.346137
1.139054
3.372322
1.431581
1.432964
1.630265
0.8468585
1.626647
2.822393
0.7452869
0.6629745
0.9871214
-1.285694
1.533266
2.377555
2.723265
2.58159
2.633225
1.820396
3.303177
0.9679599
0.1935878
0.4341575
1.018365
1.525923
2.233462
2.159071
1.190875
2.532779
2.03747
1.613598
1.504063
0.9819479
2.260716
0.6100655
2.458963
2.666709
1.609865
1.67268
0.8784731
1.770104
2.276468
0.7395822
1.817024
2.551836
1.586401
1.252659
2.308723
3.279407
0.7444115
0.4947507
2.613635
3.627864
-0.3717766
2.982209
0.3788134
2.034964
1.767875
1.555173
1.972961
0.5067374
1.913749
1.623532
1.065679
0.2093359
1.161178
0.2435554
0.5744237
1.242353
3.13195
2.141951
0.3723995
1.546481
3.309126
0.4060674
2.436357
0.2825091
0.5330623
0.9241593
3.052573
3.491003
3.467706
1.302582
0.9132207
0.5947428
1.20756
3.815129
2.471883
1.88478
2.449527
-0.1187428
0.3009032
1.801471
1.604732
1.761187
0.8749508
1.34383
2.922401
1.095516
1.217977
1.146715
2.651643
2.536475
0.9019982
1.900195
1.083297
2.077758
0.840434
0.8696876
1.676365
1.838544
1.947835
2.217379
1.005307
1.190023
-1.666809
0.9466336
1.74675
0.04896953
0.9408958
2.517906
4.006747
2.401421
2.972581
1.064344
1.471907
0.1103998
0.977374
1.809525
1.733018
0.4775519
0.9687348
1.256065
3.302728
2.045517
1.116667
1.691959
0.9053282
1.775495
2.435279
1.137789
-0.01951739
0.06257627
2.234305
2.455973
-0.1529883
2.879603
2.06394
2.608414
0.1531173
1.380706
-0.5933326
1.106176
2.01147
3.336231
3.378845
1.6707
0.855561
1.137378
1.64313
-0.6303305
2.714894
2.41045
2.831887
0.1517516
3.075344
2.512637
3.3306
2.116394
-0.8850037
-1.765382
0.5485619
3.017616
1.202755
0.4884264
1.211293
1.011768
1.992508
2.113181
3.436821
0.4208927
1.837854
1.57863
2.502791
2.718646
0.9974468
0.4665417
0.8267166
1.74913
1.664563
0.8279267
3.475346
1.158543
1.764674
-0.3069311
1.292916
2.222741
2.090928
1.635911
1.091727
3.202147
3.393179
1.444634
2.567125
0.2241134
0.2793626
1.74808
-0.1797744
2.913949
1.661628
0.8954079
0.7867706
2.101537
-0.5146493
2.435501
1.898783
2.754616
1.97769
-0.3812189
0.8587153
-0.2475061
1.904217
3.169175
0.01999996
0.7528861
2.786381
2.008703
1.440998
2.430544
2.083913
2.45128
2.912938
4.898406
1.820536
0.6384584
0.6042477
2.685805
1.130556
2.559032
0.7298752
5.120865
1.647072
1.032952
0.8899917
0.5661727
2.868398
1.465864
3.669933
0.09302542
1.984072
-0.7473349
-0.3327638
1.788147
4.14918
3.12379
1.634447
0.2943142
2.984352
0.4382696
3.6819
1.596627
2.024912
2.807583
2.577672
3.930612
2.06023
0.7679352
1.019684
1.639655
3.145877
0.3306
2.600632
2.196052
2.090174
1.938691
0.1431533
1.681478
3.02306
0.14375
4.96713
4.300671
1.951685
1.641527
3.082146
2.51494
0.09013539
0.9868486
2.741136
0.5549773
2.02706
2.531893
0.2225722
0.6148766
-1.495854
2.241867
0.6405386
1.767331
1.332014
2.522457
2.096361
2.254692
1.900024
0.9758531
-0.8671822
1.063856
3.281466
2.754742
0.2657271
2.242633
-0.5600091
0.8604212
4.939014
1.080812
0.727962
2.07736
2.236953
1.442286
1.425131
1.465898
1.332576
0.09163589
1.451141
3.237488
1.537219
3.37765
2.093883
1.692122
4.308679
4.092386
-0.8190848
2.372707
4.003973
1.032342
1.885769
3.656425
1.22982
-0.619283
3.548874
1.447217
3.232206
3.516869
0.2523293
1.603322
0.9846272
2.004073
1.444995
-0.06695922
0.7487223
1.588777
4.215062
2.646161
1.288362
-0.1824298
2.171743
1.598249
-0.3610282
2.333719
-0.6531009
0.9008475
1.384969
-0.8942347
1.706625
-0.2692129
-0.6119379
1.815801
-0.5070641
0.8192207
1.276772
0.22982
1.022313
1.074129
2.681469
-0.02604886
2.772167
2.503567
0.549023
1.974498
-0.2207785
3.253334
3.191601
0.2100507
-0.8453405
0.4881838
0.09727431
1.448219
2.370425
3.254176
-0.6674054
0.7462249
2.660515
0.01399581
1.415101
1.201714
1.582666
0.5953948
2.405858
1.77548
0.2162022
2.920125
3.869331
2.43125
-0.1015304
3.402766
-0.009282945
0.4022202
3.204238
2.903633
2.971223
0.5737501
2.175933
0.9541961
2.31073
0.8658869
0.8642379
0.09305773
0.0159085
1.096456
1.156137
2.279484
2.660312
1.052162
0.2155827
0.2712612
-0.1535348
3.043583
2.799178
3.577957
1.652042
0.8877279
1.544778
1.25198
1.005836
2.584157
-0.6748774
2.314895
0.02786059
1.906283
-0.2760441
0.7821959
2.754856
1.01385
2.174902
2.191495
2.348021
2.567244
1.187202
2.746977
1.031721
1.792049
1.527361
0.5125969
2.145283
0.6832649
1.229042
2.436913
2.8528
1.961016
2.103367
0.9085071
1.692846
-0.235017
1.610607
1.62828
0.8884778
0.9721062
1.858103
1.462775
1.596081
2.060145
1.606859
2.729881
2.394768
0.6014126
1.917418
2.796678
3.563081
0.6306019
1.003261
2.516447
1.056241
2.081418
2.71222
3.697314
1.340461
2.534852
1.057148
0.4951918
1.668978
1.754769
2.185421
2.156591
1.921485
2.543174
2.503049
1.87563
1.445335
3.192623
0.3889969
-0.7192529
0.2532674
1.335411
1.316735
3.361771
1.479365
-0.7110083
3.143786
0.1339638
2.124144
-0.5036901
1.808877
1.919696
0.5816584
3.34502
2.239299
3.249549
0.5080255
0.8271804
0.7428256
1.079142
1.747144
0.54752
-1.155887
2.072889
2.437835
1.319016
0.563299
1.708283
1.623494
1.926498
2.405161
1.305508
0.8002305
2.902151
3.952702
1.370828
2.190164
0.4262812
2.731865
1.243392
1.180826
0.9500626
2.018739
1.560398
2.710099
0.0006992015
